1.81091	34.3762744	34.3742596	34.1930148	34.191	
1.816662	34.3770731	34.3742596	34.1938135	34.191	
1.826783	34.3792468	34.3742596	34.1959872	34.191	
1.83688	34.3820266	34.3742596	34.198767	34.191	
1.84701	34.3854328	34.3742596	34.2021732	34.191	
1.857278	34.3895241	34.3829863	34.2062646	34.191	
1.867346	34.3941341	34.3829863	34.2108745	34.191	
1.877502	34.3994066	34.3829863	34.2161471	34.191	
1.887703	34.4053314	34.3829863	34.2220718	34.191	
1.897793	34.4117988	34.3829863	34.2285393	34.191	
1.907973	34.4189456	34.3829863	34.235686	34.191	
1.918352	34.4268895	34.3829863	34.2436299	34.191	
1.928496	34.4352561	34.3917129	34.2519965	34.191	
1.938725	34.4443265	34.3917129	34.2610669	34.191	
1.94881	34.453876	34.4004396	34.2706165	34.191	
1.958929	34.4640754	34.4004396	34.2808158	34.191	
1.969216	34.4750832	34.4091662	34.2918236	34.191	
1.979276	34.486445	34.4178928	34.3031854	34.191	
1.989409	34.4985124	34.4353461	34.3152528	34.191	
1.999574	34.511235	34.4440728	34.3279755	34.1997267	
2.009692	34.5245102	34.4527994	34.3412506	34.1997267	
2.020133	34.5388863	34.4702527	34.3556268	34.2084533	
2.030064	34.5531183	34.487706	34.3698588	34.2259066	
2.040219	34.5683043	34.5051593	34.3850448	34.2433599	
2.050385	34.5841303	34.513886	34.4008708	34.2608132	
2.060478	34.6004484	34.5313393	34.4171889	34.2782665	
2.070782	34.61776	34.5400659	34.4345004	34.2957198	
2.080853	34.6352713	34.5575192	34.4520117	34.3218997	
2.091004	34.6535402	34.5749725	34.4702807	34.3480797	
2.101159	34.6724427	34.5924258	34.4891831	34.3829863	
2.121616	34.7136826	34.636059	34.5304231	34.4353461	
2.126152	34.7227047	34.6447857	34.5394451	34.4527994	
2.1363	34.7437424	34.6709656	34.5604828	34.487706	
2.146471	34.7654364	34.6971455	34.5821768	34.5226126	
2.1566	34.7876504	34.7233255	34.6043908	34.5487925	
2.166769	34.8105899	34.7495054	34.6273304	34.5836991	
2.176951	34.8341817	34.784412	34.6509221	34.6273324	
2.187074	34.8582256	34.8105919	34.6749661	34.6622389	
2.197208	34.8829242	34.8454985	34.6996646	34.6971455	
2.207352	34.9082673	34.8716785	34.7250077	34.7320521	
2.218729	34.9375336	34.906585	34.754274	34.7582321	
2.227736	34.9610886	34.9414916	34.777829	34.7931386	
2.237871	34.9882566	34.9763982	34.804997	34.8193186	
2.248031	35.0161227	35.0025781	34.8328631	34.8454985	
2.258142	35.0444636	35.0374847	34.861204	34.8716785	
2.268348	35.0736986	35.0636647	34.890439	34.906585	
2.278509	35.103441	35.0985713	34.9201814	34.932765	
2.288674	35.1337789	35.1334778	34.9505193	34.9589449	
2.298875	35.1648679	35.1596578	34.9816083	34.9851249	
2.308928	35.1961078	35.1858377	35.0128482	35.0113048	
2.320658	35.233483	35.2207443	35.0502234	35.0462114	
2.329388	35.2616096	35.2556509	35.0783501	35.0723913	
2.339422	35.2946325	35.2818308	35.1113729	35.1072979	
2.349593	35.3287244	35.3080108	35.1454648	35.1334778	
2.359735	35.3633284	35.3429174	35.1800688	35.1596578	
2.369868	35.3985314	35.3778239	35.2152719	35.1945644	
2.380048	35.4345285	35.4040039	35.2512689	35.2207443	
2.390227	35.4711183	35.4389105	35.2878587	35.2556509	
2.40055	35.5088881	35.4650904	35.3256285	35.2818308	
2.410536	35.5459908	35.499997	35.3627312	35.3167374	
2.421892	35.58906	35.5349036	35.4058005	35.351644	
2.430989	35.6239385	35.5698102	35.440679	35.3778239	
2.441132	35.6634948	35.5959901	35.4802352	35.4214572	
2.45121	35.7034247	35.6308967	35.5201652	35.4563638	
2.46145	35.7446432	35.6745299	35.5613836	35.499997	
2.471551	35.785865	35.7094365	35.6026055	35.5349036	
2.481713	35.8279906	35.7443431	35.644731	35.5698102	
2.491869	35.8706844	35.7792497	35.6874248	35.6134434	
2.501975	35.9138093	35.8228829	35.7305497	35.6570766	
2.512576	35.9597317	35.8665161	35.7764722	35.7007098	
2.523526	36.0079059	35.918876	35.8246464	35.7443431	
2.532467	36.0476438	35.9625092	35.8643842	35.796703	
2.542556	36.0931073	36.0148691	35.9098477	35.8490628	
2.552816	36.1400199	36.067229	35.9567603	35.9014227	
2.562879	36.1866243	36.1195889	36.0033647	35.9537826	
2.573039	36.2343098	36.1806754	36.0510503	36.0061425	
2.583189	36.2825471	36.2330353	36.0992876	36.0585023	
2.59345	36.3319568	36.2853951	36.1486972	36.1108622	
2.603548	36.3811934	36.337755	36.1979338	36.1632221	
2.613613	36.430871	36.3988416	36.2476114	36.215582	
2.625168	36.4887862	36.4512014	36.3055266	36.2679419	
2.633975	36.5332773	36.512288	36.3500177	36.3290284	
2.644076	36.5849592	36.5646478	36.4016996	36.3813883	
2.654222	36.6375164	36.6170077	36.4542568	36.4337481	
2.66434	36.690526	36.6780942	36.5072664	36.486108	
2.674521	36.7445217	36.7304541	36.5612621	36.5384679	
2.684662	36.7988781	36.782814	36.6156185	36.5995544	
2.694814	36.8539337	36.8439005	36.6706741	36.6519143	
2.712843	36.9541065	36.9398936	36.7708469	36.756634	
2.717364	36.9791431	36.9660736	36.7958836	36.782814	
2.728535	37.0420823	37.0271601	36.8588228	36.8351739	
2.737736	37.0942727	37.0882466	36.9110131	36.8962604	
2.747848	37.1523105	37.1406065	36.9690509	36.9486203	
2.758006	37.211268	37.201693	37.0280084	37.0097068	
2.768168	37.2708389	37.2627795	37.0875794	37.0707933	
2.778325	37.3310172	37.3151394	37.1477576	37.1318798	
2.788476	37.391766	37.3762259	37.2085064	37.1842397	
2.798625	37.4533539	37.4373125	37.2700943	37.2453262	
2.808787	37.5151924	37.4896723	37.3319328	37.2976861	
2.818973	37.5780341	37.5507589	37.3947746	37.3587726	
2.829774	37.6454085	37.6118454	37.462149	37.4198592	
2.83934	37.7055396	37.6642053	37.52228	37.4809457	
2.849501	37.7700688	37.7252918	37.5868093	37.5420322	
2.859612	37.8348662	37.7863783	37.6516066	37.6031187	
2.869718	37.9002895	37.8474648	37.7170299	37.6642053	
2.87996	37.9672203	37.9085514	37.7839607	37.7252918	
2.89008	38.0339447	37.9783645	37.8506851	37.795105	
2.90022	38.1014385	38.039451	37.9181789	37.8561915	
2.910416	38.1699238	38.1092642	37.9866642	37.9347313	
2.920532	38.2384833	38.1703507	38.0552238	38.0045445	
2.931374	38.3127893	38.2401639	38.1295297	38.0743576	
2.940855	38.3780723	38.3099771	38.1948128	38.1354442	
2.951035	38.4489588	38.3797903	38.2656992	38.213984	
2.961202	38.5203324	38.4583301	38.3370728	38.2837971	
2.971457	38.5929932	38.5281432	38.4097336	38.362337	
2.981465	38.6644476	38.6066831	38.4811881	38.4321501	
2.991596	38.7374362	38.6764962	38.5541766	38.5019633	
3.001777	38.8114086	38.755036	38.628149	38.5805031	
3.012168	38.8875759	38.8335759	38.7043163	38.6590429	
3.022011	38.9602705	38.903389	38.777011	38.7375827	
3.033558	39.0464619	38.9819288	38.8632023	38.8161226	
3.04235	39.1123642	39.0604687	38.9291046	38.8946624	
3.052473	39.18897	39.1390085	39.0057104	38.9732022	
3.062595	39.2662135	39.2262749	39.0829539	39.051742	
3.072836	39.3449903	39.3048148	39.1617308	39.1302818	
3.08294	39.4214794	39.3920812	39.2382198	39.2175483	
3.093067	39.4975662	39.470621	39.3143066	39.2960881	
3.10321	39.5731727	39.5491609	39.3899131	39.3746279	
3.133273	39.790316	39.7149671	39.6070564	39.5491609	
3.139977	39.8388889	39.8458668	39.6556293	39.6713339	
3.149847	39.9097563	39.9331333	39.7264968	39.7586004	
3.160077	39.982611	40.0116731	39.7993514	39.8371402	
3.170167	40.0538938	40.0989396	39.8706342	39.91568	
3.180301	40.124881	40.1774794	39.9416215	40.0029465	
3.190482	40.195579	40.2560192	40.0123194	40.0727596	
3.200594	40.2652184	40.334559	40.0819588	40.1512994	
3.211579	40.3401599	40.4130988	40.1569003	40.2298393	
3.221487	40.407202	40.482912	40.2239424	40.2996524	
3.23157	40.4748314	40.5527252	40.2915718	40.3694656	
3.24184	40.5430825	40.6225383	40.3598229	40.4392788	
3.251952	40.6096804	40.6923515	40.4264209	40.5090919	
3.26214	40.6761865	40.753438	40.4929269	40.5789051	
3.272252	40.7416233	40.8232512	40.5583637	40.6399916	
3.282684	40.8085067	40.8843377	40.6252472	40.7010782	
3.292516	40.870931	40.9454243	40.6876714	40.7621647	
3.302671	40.9350659	40.9977841	40.7518063	40.8232512	
3.312843	40.9982715	41.0588707	40.815012	40.8843377	
3.322987	41.0609164	41.1112305	40.8776569	40.9454243	
3.333127	41.1229214	41.1723171	40.9396618	40.9977841	
3.343353	41.1848784	41.2246769	41.0016189	41.050144	
3.353583	41.2461983	41.2770368	41.0629388	41.1025039	
3.363633	41.3058699	41.32067	41.1226104	41.1548638	
3.37381	41.3657318	41.3730299	41.1824723	41.198497	
3.38425	41.4264763	41.4253898	41.2432167	41.2595835	
3.394238	41.4840308	41.4777497	41.3007712	41.3032167	
3.40423	41.5410234	41.5301096	41.3577638	41.3643033	
3.414355	41.5981539	41.5824694	41.4148943	41.4079365	
3.42448	41.654718	41.6348293	41.4714584	41.4602964	
3.434696	41.7111989	41.6871892	41.5279394	41.5126563	
3.444942	41.7672251	41.7395491	41.5839656	41.5650161	
3.462895	41.8630858	41.8355422	41.6798262	41.6610092	
3.46746	41.8875013	41.8617221	41.7042418	41.6871892	
3.477593	41.9410072	41.914082	41.7577476	41.7395491	
3.487788	41.9942211	41.9751685	41.8109615	41.8006356	
3.498111	42.0474621	42.0275284	41.8642025	41.8529955	
3.508246	42.0991649	42.0798883	41.9159053	41.9053553	
3.518389	42.1502983	42.1409748	41.9670387	41.9577152	
3.528581	42.2010917	42.1933347	42.0178321	42.0100751	
3.539752	42.2560442	42.2544212	42.0727846	42.0711616	
3.548947	42.300789	42.3067811	42.1175295	42.1235215	
3.559098	42.3495746	42.3591409	42.166315	42.184608	
3.569279	42.3979004	42.4202275	42.2146409	42.2369679	
3.57935	42.4451358	42.4725873	42.2618762	42.2893278	
3.589543	42.4923492	42.5336739	42.3090896	42.3416877	
3.599667	42.53864	42.5860337	42.3553804	42.3940475	
3.609853	42.5846141	42.6383936	42.4013545	42.4464074	
3.619947	42.6296014	42.6820269	42.4463418	42.4900406	
3.630093	42.6742167	42.7256601	42.4909571	42.5424005	
3.641411	42.7232305	42.77802	42.5399709	42.5860337	
3.650597	42.762556	42.8216532	42.5792964	42.6383936	
3.660774	42.8054833	42.8652864	42.6222237	42.6820269	
3.670988	42.8479985	42.9089197	42.664739	42.7256601	
3.681329	42.8907159	42.9525529	42.7074564	42.7692933	
3.691246	42.9305306	42.9874595	42.747271	42.8129266	
3.701388	42.9709749	43.0310927	42.7877153	42.8565598	
3.711533	43.0108433	43.0659993	42.8275837	42.8914664	
3.721757	43.0503926	43.1096325	42.867133	42.9350996	
3.731774	43.0886085	43.1445391	42.9053489	42.9700062	
3.743268	43.1316373	43.1794457	42.9483778	43.0049128	
3.752205	43.1646747	43.2143523	42.9814151	43.0398194	
3.762329	43.2014881	43.2405322	43.0182285	43.0747259	
3.77243	43.2376412	43.2754388	43.0543816	43.1096325	
3.78254	43.2732411	43.3016187	43.0899816	43.1358125	
3.792821	43.308857	43.3365253	43.1255974	43.1619924	
3.802942	43.3433004	43.3714319	43.1600408	43.1881723	
3.81323	43.3777421	43.3976119	43.1944825	43.2143523	
3.823184	43.4104674	43.4325184	43.2272078	43.2405322	
3.83344	43.4435932	43.4586984	43.2603336	43.2667122	
3.852639	43.5030484	43.4848783	43.3197889	43.2928921	
3.857303	43.5175167	43.5285115	43.3342571	43.3365253	
3.867341	43.5480054	43.5546915	43.3647459	43.3627053	
3.877528	43.578364	43.5808714	43.3951044	43.3888852	
3.887649	43.6079368	43.615778	43.4246772	43.4237918	
3.897851	43.6371613	43.6419579	43.4539017	43.4499717	
3.907991	43.6656153	43.6681379	43.4823558	43.4761517	
3.91814	43.6935052	43.6943178	43.5102457	43.5023316	
3.928316	43.7208902	43.7204978	43.5376307	43.5285115	
3.938431	43.7475338	43.7554043	43.5642742	43.5634181	
3.949066	43.7749118	43.7815843	43.5916523	43.5808714	
3.959156	43.8002887	43.8077642	43.6170291	43.6070514	
3.969379	43.8254315	43.8339442	43.642172	43.6332313	
3.979464	43.8496517	43.8601241	43.6663921	43.6681379	
3.989568	43.8733585	43.8775774	43.6900989	43.6943178	
3.999772	43.896709	43.9037573	43.7134494	43.7204978	
4.009916	43.9193329	43.9299373	43.7360734	43.7466777	
4.020064	43.941397	43.9561172	43.7581374	43.7728576	
4.030223	43.9629066	43.9822972	43.779647	43.8077642	
4.040343	43.983764	43.9997504	43.8005044	43.8252175	
4.050897	44.0049974	44.0172037	43.8217378	43.8513975	
4.060737	44.0240484	44.0433837	43.8407888	43.8775774	
4.070883	44.0433698	44.060837	43.8601103	43.8950307	
4.081035	44.0618429	44.0782903	43.8785834	43.912484	
4.091416	44.0802815	44.0957436	43.8970219	43.9299373	
4.101327	44.097348	44.1044702	43.9140884	43.9473906	
4.111779	44.1153976	44.1219235	43.932138	43.9648439	
4.121663	44.1306444	44.1393768	43.9473849	43.9822972	
4.131739	44.146307	44.1568301	43.9630474	43.9910238	
4.141883	44.1615118	44.1655567	43.9782522	44.0084771	
4.152441	44.1767151	44.18301	43.9934556	44.0172037	
4.162322	44.1904167	44.1917367	44.0071572	44.034657	
4.172469	44.2039301	44.20919	44.0206705	44.0433837	
4.182526	44.2167795	44.2179166	44.0335199	44.0521103	
4.192844	44.2293804	44.2353699	44.0461208	44.0695636	
4.202944	44.2411685	44.2440965	44.0579089	44.0782903	
4.213011	44.2523812	44.2528232	44.0691216	44.0870169	
4.223145	44.2631186	44.2615498	44.079859	44.0957436	
4.23332	44.2733497	44.2702765	44.0900902	44.1044702	
4.251931	44.2898255	44.2790031	44.1065659	44.1044702	
4.256533	44.2939562	44.2790031	44.1106966	44.1131968	
4.266679	44.3023966	44.2790031	44.119137	44.1219235	
4.276839	44.3103186	44.2877298	44.1270591	44.1219235	
4.287323	44.3179361	44.2877298	44.1346766	44.1219235	
4.297168	44.3246144	44.2877298	44.1413549	44.1219235	
4.307293	44.3309661	44.2964564	44.1477065	44.1219235	
4.31747	44.3368483	44.2964564	44.1535887	44.1219235	
4.327613	44.3422114	44.2964564	44.1589519	44.1219235	
4.337788	44.3471009	44.3051831	44.1638413	44.1219235	
4.347954	44.3515065	44.3139097	44.1682469	44.1219235	
4.358162	44.3554558	44.3139097	44.1721962	44.1219235	
4.368454	44.3589667	44.3139097	44.1757071	44.1219235	
4.378436	44.3619533	44.3226364	44.1786937	44.1219235	
4.388546	44.3645562	44.3226364	44.1812966	44.1219235	
4.398731	44.3667715	44.331363	44.1835119	44.1219235	
4.408916	44.3686067	44.331363	44.1853472	44.1219235	
4.419082	44.3742596	44.331363	44.191	44.1219235	
4.429212	44.3742596	44.331363	44.191	44.1219235	
4.439339	44.3742596	44.331363	44.191	44.1219235	
4.449578	44.3742596	44.331363	44.191	44.1219235	
4.459727	44.3742596	44.331363	44.191	44.1306501	
4.469839	44.3742596	44.331363	44.191	44.1393768	
4.4801	44.3742596	44.331363	44.191	44.1481034	
4.490166	44.3742596	44.331363	44.191	44.1568301	
4.500283	44.3742596	44.331363	44.191	44.1655567	
4.510487	44.3742596	44.331363	44.191	44.1655567	
4.52066	44.3742596	44.331363	44.191	44.1742834	
4.530874	44.3742596	44.331363	44.191	44.18301	
4.540974	44.3742596	44.331363	44.191	44.18301	
4.551191	44.3742596	44.331363	44.191	44.18301	
4.561379	44.3742596	44.331363	44.191	44.18301	
4.571452	44.3742596	44.331363	44.191	44.18301	
4.58162	44.3742596	44.331363	44.191	44.18301	
4.591734	44.3742596	44.331363	44.191	44.18301	
4.601883	44.3742596	44.3400896	44.191	44.18301	
4.612097	44.3742596	44.3400896	44.191	44.18301	
4.622181	44.3742596	44.3488163	44.191	44.18301	
4.632734	44.3742596	44.3488163	44.191	44.18301	
4.642851	44.3742596	44.3488163	44.191	44.18301	
4.652993	44.3742596	44.3575429	44.191	44.18301	
4.663229	44.3742596	44.3575429	44.191	44.18301	
4.673488	44.3742596	44.3575429	44.191	44.18301	
4.683636	44.3742596	44.3575429	44.191	44.18301	
4.693631	44.3742596	44.3575429	44.191	44.18301	
4.7042	44.3742596	44.3575429	44.191	44.18301	
4.713935	44.3742596	44.3575429	44.191	44.18301	
4.724067	44.3742596	44.3575429	44.191	44.18301	
4.734203	44.3742596	44.3575429	44.191	44.18301	
4.744345	44.3742596	44.3575429	44.191	44.18301	
4.754488	44.3742596	44.3575429	44.191	44.18301	
4.764626	44.3742596	44.3575429	44.191	44.18301	
4.774758	44.3742596	44.3575429	44.191	44.18301	
4.785104	44.3742596	44.3575429	44.191	44.18301	
4.795168	44.3742596	44.3575429	44.191	44.18301	
4.805327	44.3742596	44.3575429	44.191	44.18301	
4.815711	44.3742596	44.3575429	44.191	44.18301	
4.825674	44.3742596	44.3575429	44.191	44.18301	
4.835798	44.3742596	44.3575429	44.191	44.18301	
4.845961	44.3742596	44.3575429	44.191	44.18301	
4.856142	44.3742596	44.3575429	44.191	44.18301	
4.866232	44.3742596	44.3575429	44.191	44.18301	
4.876416	44.3742596	44.3575429	44.191	44.18301	
4.886533	44.3742596	44.3575429	44.191	44.18301	
4.896778	44.3742596	44.3575429	44.191	44.18301	
4.906991	44.3742596	44.3575429	44.191	44.18301	
4.917081	44.3742596	44.3575429	44.191	44.18301	
4.927233	44.3742596	44.3575429	44.191	44.18301	
4.937477	44.3742596	44.3575429	44.191	44.18301	
4.947543	44.3742596	44.3575429	44.191	44.18301	
4.95768	44.3742596	44.3575429	44.191	44.18301	
4.967849	44.3742596	44.3575429	44.191	44.18301	
4.978018	44.3742596	44.3575429	44.191	44.18301	
4.988166	44.3742596	44.3575429	44.191	44.18301	
4.998337	44.3742596	44.3575429	44.191	44.18301	
5.008493	44.3742596	44.3575429	44.191	44.18301	
5.018651	44.3742596	44.3575429	44.191	44.18301	
5.028789	44.3742596	44.3575429	44.191	44.18301	
5.038965	44.3742596	44.3575429	44.191	44.18301	
5.049123	44.3742596	44.3575429	44.191	44.18301	
5.05926	44.3742596	44.3575429	44.191	44.18301	
5.071351	44.3742596	44.3575429	44.191	44.18301	
5.081531	44.3742596	44.3575429	44.191	44.18301	
5.091601	44.3742596	44.3575429	44.191	44.18301	
5.10176	44.3742596	44.3575429	44.191	44.18301	
5.111878	44.3742596	44.3575429	44.191	44.18301	
5.122168	44.3742596	44.3575429	44.191	44.18301	
5.132225	44.3742596	44.3575429	44.191	44.18301	
5.142366	44.3742596	44.3575429	44.191	44.18301	
5.152507	44.3742596	44.3575429	44.191	44.18301	
5.162641	44.3742596	44.3575429	44.191	44.18301	
5.17279	44.3742596	44.3575429	44.191	44.18301	
5.182975	44.3742596	44.3575429	44.191	44.18301	
5.193075	44.3742596	44.3575429	44.191	44.18301	
5.205134	44.3742596	44.3575429	44.191	44.18301	
5.21355	44.3742596	44.3575429	44.191	44.18301	
5.223648	44.3742596	44.3575429	44.191	44.18301	
5.233835	44.3742596	44.3575429	44.191	44.18301	
5.243888	44.3742596	44.3575429	44.191	44.18301	
5.254242	44.3742596	44.3575429	44.191	44.18301	
5.264229	44.3742596	44.3575429	44.191	44.18301	
5.274348	44.3742596	44.3575429	44.191	44.18301	
5.284476	44.3742596	44.3575429	44.191	44.18301	
5.294623	44.3742596	44.3575429	44.191	44.18301	
5.304774	44.3742596	44.3575429	44.191	44.18301	
5.323153	44.3742596	44.3575429	44.191	44.18301	
5.327726	44.3742596	44.3575429	44.191	44.18301	
5.337947	44.3742596	44.3575429	44.191	44.18301	
5.34806	44.3742596	44.3575429	44.191	44.18301	
5.358143	44.3742596	44.3575429	44.191	44.18301	
5.368339	44.3742596	44.3575429	44.191	44.18301	
5.378488	44.3742596	44.3575429	44.191	44.18301	
5.388634	44.3742596	44.3575429	44.191	44.18301	
5.398783	44.3742596	44.3575429	44.191	44.18301	
5.409019	44.3742596	44.3575429	44.191	44.18301	
5.419194	44.3742596	44.3575429	44.191	44.18301	
5.429286	44.3742596	44.3575429	44.191	44.18301	
5.439428	44.3742596	44.3575429	44.191	44.18301	
5.449687	44.3742596	44.3575429	44.191	44.18301	
5.459745	44.3742596	44.3575429	44.191	44.18301	
5.469907	44.3742596	44.3575429	44.191	44.18301	
5.480069	44.3742596	44.3575429	44.191	44.18301	
5.490197	44.3742596	44.3575429	44.191	44.18301	
5.50034	44.3742596	44.3575429	44.191	44.18301	
5.510492	44.3742596	44.3575429	44.191	44.18301	
5.520666	44.3742596	44.3575429	44.191	44.18301	
5.530813	44.3742596	44.3575429	44.191	44.18301	
5.540987	44.3742596	44.3575429	44.191	44.18301	
5.551116	44.3742596	44.3575429	44.191	44.18301	
5.561256	44.3742596	44.3575429	44.191	44.18301	
5.571406	44.3742596	44.3575429	44.191	44.18301	
5.581539	44.3742596	44.3575429	44.191	44.18301	
5.591676	44.3742596	44.3575429	44.191	44.18301	
5.60183	44.3742596	44.3575429	44.191	44.18301	
5.611949	44.3742596	44.3575429	44.191	44.18301	
5.622178	44.3742596	44.3575429	44.191	44.18301	
5.63228	44.3742596	44.3575429	44.191	44.18301	
5.642425	44.3742596	44.3575429	44.191	44.18301	
5.652541	44.3742596	44.3575429	44.191	44.18301	
5.662685	44.3742596	44.3575429	44.191	44.18301	
5.672881	44.3742596	44.3575429	44.191	44.18301	
5.683082	44.3742596	44.3575429	44.191	44.18301	
5.69317	44.3742596	44.3575429	44.191	44.18301	
5.703307	44.3742596	44.3575429	44.191	44.18301	
5.721433	44.3742596	44.3575429	44.191	44.18301	
5.72617	44.3742596	44.3575429	44.191	44.18301	
5.736217	44.3742596	44.3575429	44.191	44.18301	
5.746275	44.3742596	44.3575429	44.191	44.18301	
5.756451	44.3742596	44.3575429	44.191	44.18301	
5.766599	44.3742596	44.3575429	44.191	44.18301	
5.77675	44.3742596	44.3575429	44.191	44.18301	
5.786915	44.3742596	44.3575429	44.191	44.18301	
5.797374	44.3742596	44.3575429	44.191	44.18301	
5.80741	44.3742596	44.3575429	44.191	44.18301	
5.817694	44.3742596	44.3575429	44.191	44.18301	
5.82773	44.3742596	44.3575429	44.191	44.18301	
5.837909	44.3742596	44.3575429	44.191	44.18301	
5.848041	44.3742596	44.3575429	44.191	44.18301	
5.858217	44.3742596	44.3575429	44.191	44.18301	
5.868315	44.3742596	44.3575429	44.191	44.18301	
5.878568	44.3742596	44.3575429	44.191	44.18301	
5.888705	44.3742596	44.3575429	44.191	44.18301	
5.898839	44.3742596	44.3575429	44.191	44.18301	
5.908979	44.3742596	44.3575429	44.191	44.18301	
5.919153	44.3742596	44.3575429	44.191	44.18301	
5.929256	44.3742596	44.3575429	44.191	44.18301	
5.939463	44.3742596	44.3575429	44.191	44.18301	
5.949605	44.3742596	44.3575429	44.191	44.18301	
5.959746	44.3742596	44.3575429	44.191	44.18301	
5.969954	44.3742596	44.3575429	44.191	44.18301	
5.980015	44.3742596	44.3575429	44.191	44.18301	
5.990212	44.3742596	44.3575429	44.191	44.18301	
6.000388	44.3742596	44.3575429	44.191	44.18301	
6.010499	44.3742596	44.3575429	44.191	44.18301	
6.020643	44.3742596	44.3575429	44.191	44.18301	
6.030795	44.3742596	44.3575429	44.191	44.18301	
6.04117	44.3742596	44.3575429	44.191	44.18301	
6.051191	44.3742596	44.3575429	44.191	44.18301	
6.061255	44.3742596	44.3575429	44.191	44.18301	
6.071393	44.3742596	44.3575429	44.191	44.18301	
6.081626	44.3742596	44.3575429	44.191	44.18301	
6.091699	44.3742596	44.3575429	44.191	44.18301	
6.101848	44.3742596	44.3575429	44.191	44.18301	
6.111929	44.3742596	44.3575429	44.191	44.18301	
6.12283	44.3742596	44.3575429	44.191	44.18301	
6.132905	44.3742596	44.3575429	44.191	44.18301	
6.14306	44.3742596	44.3575429	44.191	44.18301	
6.153222	44.3742596	44.3575429	44.191	44.18301	
6.163403	44.3742596	44.3575429	44.191	44.18301	
6.17367	44.3742596	44.3575429	44.191	44.18301	
6.183656	44.3742596	44.3575429	44.191	44.18301	
6.19388	44.3742596	44.3575429	44.191	44.18301	
6.203926	44.3742596	44.3575429	44.191	44.18301	
6.214076	44.3742596	44.3575429	44.191	44.18301	
6.22427	44.3742596	44.3575429	44.191	44.18301	
6.234376	44.3742596	44.3575429	44.191	44.18301	
6.244516	44.3742596	44.3575429	44.191	44.18301	
6.254665	44.3742596	44.3575429	44.191	44.18301	
6.264795	44.3742596	44.3575429	44.191	44.18301	
6.27504	44.3742596	44.3575429	44.191	44.18301	
6.285144	44.3742596	44.3575429	44.191	44.18301	
6.295279	44.3742596	44.3575429	44.191	44.18301	
6.305501	44.3742596	44.3575429	44.191	44.18301	
6.315784	44.3742596	44.3575429	44.191	44.18301	
6.325774	44.3742596	44.3575429	44.191	44.18301	
6.335903	44.3742596	44.3575429	44.191	44.18301	
6.346092	44.3742596	44.3575429	44.191	44.18301	
6.356256	44.3742596	44.3575429	44.191	44.18301	
6.366359	44.3742596	44.3575429	44.191	44.18301	
6.376547	44.3742596	44.3575429	44.191	44.18301	
6.386698	44.3742596	44.3575429	44.191	44.18301	
6.396833	44.3742596	44.3575429	44.191	44.18301	
6.407071	44.3742596	44.3575429	44.191	44.18301	
6.417183	44.3742596	44.3575429	44.191	44.18301	
6.427357	44.3742596	44.3575429	44.191	44.18301	
6.437501	44.3742596	44.3575429	44.191	44.18301	
6.447671	44.3742596	44.3575429	44.191	44.18301	
6.457876	44.3742596	44.3575429	44.191	44.18301	
6.467981	44.3742596	44.3575429	44.191	44.18301	
6.478161	44.3742596	44.3575429	44.191	44.18301	
6.48833	44.3742596	44.3575429	44.191	44.18301	
6.498434	44.3742596	44.3575429	44.191	44.18301	
6.508639	44.3742596	44.3575429	44.191	44.18301	
6.51877	44.3742596	44.3575429	44.191	44.18301	
6.528956	44.3742596	44.3575429	44.191	44.18301	
6.539173	44.3742596	44.3575429	44.191	44.18301	
6.549245	44.3742596	44.3575429	44.191	44.18301	
6.559584	44.3742596	44.3575429	44.191	44.18301	
6.569698	44.3742596	44.3575429	44.191	44.18301	
6.579744	44.3742596	44.3575429	44.191	44.18301	
6.589891	44.3742596	44.3575429	44.191	44.18301	
6.60004	44.3742596	44.3575429	44.191	44.18301	
6.610194	44.3742596	44.3575429	44.191	44.18301	
6.620302	44.3742596	44.3575429	44.191	44.18301	
6.630484	44.3742596	44.3575429	44.191	44.18301	
6.640817	44.3742596	44.3575429	44.191	44.18301	
6.650794	44.3742596	44.3575429	44.191	44.18301	
6.66098	44.3742596	44.3575429	44.191	44.18301	
6.671139	44.3742596	44.3575429	44.191	44.18301	
6.681441	44.3742596	44.3575429	44.191	44.18301	
6.691411	44.3742596	44.3575429	44.191	44.18301	
6.701553	44.3742596	44.3575429	44.191	44.18301	
6.711695	44.3742596	44.3575429	44.191	44.18301	
6.72188	44.3742596	44.3575429	44.191	44.18301	
6.73194	44.3742596	44.3575429	44.191	44.18301	
6.742137	44.3742596	44.3575429	44.191	44.18301	
6.752326	44.3742596	44.3575429	44.191	44.18301	
6.762438	44.3742596	44.3575429	44.191	44.18301	
6.772581	44.3742596	44.3575429	44.191	44.18301	
6.782715	44.3742596	44.3575429	44.191	44.18301	
6.792851	44.3742596	44.3575429	44.191	44.18301	
6.803003	44.3742596	44.3575429	44.191	44.18301	
6.813144	44.3742596	44.3575429	44.191	44.18301	
6.823319	44.3742596	44.3575429	44.191	44.18301	
6.841382	44.3742596	44.3575429	44.191	44.18301	
6.845937	44.3742596	44.3575429	44.191	44.18301	
6.856116	44.3742596	44.3575429	44.191	44.18301	
6.866214	44.3742596	44.3575429	44.191	44.18301	
6.8766	44.3742596	44.3575429	44.191	44.18301	
6.886556	44.3742596	44.3575429	44.191	44.18301	
6.89671	44.3742596	44.3575429	44.191	44.18301	
6.906876	44.3742596	44.3575429	44.191	44.18301	
6.917013	44.3742596	44.3575429	44.191	44.18301	
6.927168	44.3742596	44.3575429	44.191	44.18301	
6.937339	44.3742596	44.3575429	44.191	44.18301	
6.947476	44.3742596	44.3575429	44.191	44.18301	
6.957625	44.3742596	44.3575429	44.191	44.18301	
6.96778	44.3742596	44.3575429	44.191	44.18301	
6.977971	44.3742596	44.3575429	44.191	44.18301	
6.9881	44.3742596	44.3575429	44.191	44.18301	
6.998246	44.3742596	44.3575429	44.191	44.18301	
7.008454	44.3742596	44.3575429	44.191	44.18301	
7.018575	44.3742596	44.3575429	44.191	44.18301	
7.028713	44.3742596	44.3575429	44.191	44.18301	
7.038856	44.3742596	44.3575429	44.191	44.18301	
7.049027	44.3742596	44.3575429	44.191	44.18301	
7.059226	44.3742596	44.3575429	44.191	44.18301	
7.069337	44.3742596	44.3575429	44.191	44.18301	
7.07947	44.3742596	44.3575429	44.191	44.18301	
7.089725	44.3742596	44.3575429	44.191	44.18301	
7.099787	44.3742596	44.3575429	44.191	44.18301	
7.109913	44.3742596	44.3575429	44.191	44.18301	
7.12216	44.3742596	44.3575429	44.191	44.18301	
7.130202	44.3742596	44.3575429	44.191	44.18301	
7.14032	44.3742596	44.3575429	44.191	44.18301	
7.150461	44.3742596	44.3575429	44.191	44.18301	
7.160656	44.3742596	44.3575429	44.191	44.18301	
7.170754	44.3742596	44.3575429	44.191	44.18301	
7.180997	44.3742596	44.3575429	44.191	44.18301	
7.191149	44.3742596	44.3575429	44.191	44.18301	
7.201512	44.3742596	44.3575429	44.191	44.18301	
7.211728	44.3742596	44.3575429	44.191	44.18301	
7.221865	44.3742596	44.3575429	44.191	44.18301	
7.23196	44.3742596	44.3575429	44.191	44.18301	
7.242179	44.3742596	44.3575429	44.191	44.18301	
7.252315	44.3742596	44.3575429	44.191	44.18301	
7.262417	44.3742596	44.3575429	44.191	44.18301	
7.272598	44.3742596	44.3575429	44.191	44.18301	
7.282711	44.3742596	44.3575429	44.191	44.18301	
7.293035	44.3742596	44.3575429	44.191	44.18301	
7.302996	44.3742596	44.3575429	44.191	44.18301	
7.313139	44.3742596	44.3575429	44.191	44.18301	
7.323466	44.3742596	44.3575429	44.191	44.18301	
7.333542	44.3742596	44.3575429	44.191	44.18301	
7.343653	44.3742596	44.3575429	44.191	44.18301	
7.353885	44.3742596	44.3575429	44.191	44.18301	
7.363905	44.3742596	44.3575429	44.191	44.18301	
7.374077	44.3742596	44.3575429	44.191	44.18301	
7.384185	44.3742596	44.3575429	44.191	44.18301	
7.394514	44.3742596	44.3575429	44.191	44.18301	
7.404567	44.3742596	44.3575429	44.191	44.18301	
7.414681	44.3742596	44.3575429	44.191	44.18301	
7.424831	44.3742596	44.3575429	44.191	44.18301	
7.435013	44.3742596	44.3575429	44.191	44.18301	
7.445541	44.3742596	44.3575429	44.191	44.18301	
7.455461	44.3742596	44.3575429	44.191	44.18301	
7.465672	44.3742596	44.3575429	44.191	44.18301	
7.475764	44.3742596	44.3575429	44.191	44.18301	
7.485889	44.3742596	44.3575429	44.191	44.18301	
7.496067	44.3742596	44.3575429	44.191	44.18301	
7.50628	44.3742596	44.3575429	44.191	44.18301	
7.516401	44.3742596	44.3575429	44.191	44.18301	
7.526557	44.3742596	44.3575429	44.191	44.18301	
7.536683	44.3742596	44.3575429	44.191	44.18301	
7.54688	44.3742596	44.3575429	44.191	44.18301	
7.55712	44.3742596	44.3575429	44.191	44.18301	
7.567208	44.3742596	44.3575429	44.191	44.18301	
7.577343	44.3742596	44.3575429	44.191	44.18301	
7.587451	44.3742596	44.3575429	44.191	44.18301	
7.597604	44.3742596	44.3575429	44.191	44.18301	
7.607777	44.3742596	44.3575429	44.191	44.18301	
7.617933	44.3742596	44.3575429	44.191	44.18301	
7.628071	44.3742596	44.3575429	44.191	44.18301	
7.638212	44.3742596	44.3575429	44.191	44.18301	
7.648413	44.3742596	44.3575429	44.191	44.18301	
7.658533	44.3742596	44.3575429	44.191	44.18301	
7.668663	44.3742596	44.3575429	44.191	44.18301	
7.678819	44.3742596	44.3575429	44.191	44.18301	
7.689022	44.3742596	44.3575429	44.191	44.18301	
7.699229	44.3742596	44.3575429	44.191	44.18301	
7.709338	44.3742596	44.3575429	44.191	44.18301	
7.719487	44.3742596	44.3575429	44.191	44.18301	
7.72969	44.3742596	44.3575429	44.191	44.18301	
7.739778	44.3742596	44.3575429	44.191	44.18301	
7.74993	44.3742596	44.3575429	44.191	44.18301	
7.760062	44.3742596	44.3575429	44.191	44.18301	
7.770245	44.3742596	44.3575429	44.191	44.18301	
7.78039	44.3742596	44.3575429	44.191	44.18301	
7.790522	44.3742596	44.3575429	44.191	44.18301	
7.800689	44.3742596	44.3575429	44.191	44.18301	
7.810823	44.3742596	44.3575429	44.191	44.18301	
7.821006	44.3742596	44.3575429	44.191	44.18301	
7.831184	44.3742596	44.3575429	44.191	44.18301	
7.841299	44.3742596	44.3575429	44.191	44.18301	
7.851464	44.3742596	44.3575429	44.191	44.18301	
7.861604	44.3742596	44.3575429	44.191	44.18301	
7.871707	44.3742596	44.3575429	44.191	44.18301	
7.881943	44.3742596	44.3575429	44.191	44.18301	
7.892085	44.3742596	44.3575429	44.191	44.18301	
7.902207	44.3742596	44.3575429	44.191	44.18301	
7.912363	44.3742596	44.3575429	44.191	44.18301	
7.922703	44.3742596	44.3575429	44.191	44.18301	
7.93283	44.3742596	44.3575429	44.191	44.18301	
7.942972	44.3742596	44.3575429	44.191	44.18301	
7.953144	44.3742596	44.3575429	44.191	44.18301	
7.963313	44.3742596	44.3575429	44.191	44.18301	
7.973487	44.3742596	44.3575429	44.191	44.18301	
7.983618	44.3742596	44.3575429	44.191	44.18301	
7.993796	44.3742596	44.3575429	44.191	44.18301	
8.003882	44.3742596	44.3575429	44.191	44.18301	
8.014006	44.3742596	44.3575429	44.191	44.18301	
8.024386	44.3742596	44.3575429	44.191	44.18301	
8.034306	44.3742596	44.3575429	44.191	44.18301	
8.044427	44.3742596	44.3575429	44.191	44.18301	
8.054587	44.3742596	44.3575429	44.191	44.18301	
8.06473	44.3742596	44.3575429	44.191	44.18301	
8.074886	44.3742596	44.3575429	44.191	44.18301	
8.085035	44.3742596	44.3575429	44.191	44.18301	
8.095551	44.3742596	44.3575429	44.191	44.18301	
8.105586	44.3742596	44.3575429	44.191	44.18301	
8.115709	44.3742596	44.3575429	44.191	44.18301	
8.12748	44.3742596	44.3575429	44.191	44.18301	
8.136459	44.3742596	44.3575429	44.191	44.18301	
8.146524	44.3742596	44.3575429	44.191	44.18301	
8.156651	44.3742596	44.3575429	44.191	44.18301	
8.166795	44.3742596	44.3575429	44.191	44.18301	
8.176973	44.3742596	44.3575429	44.191	44.18301	
8.187128	44.3742596	44.3575429	44.191	44.18301	
8.197269	44.3742596	44.3575429	44.191	44.18301	
8.207424	44.3742596	44.3575429	44.191	44.18301	
8.2176	44.3742596	44.3575429	44.191	44.18301	
8.227724	44.3742596	44.3575429	44.191	44.18301	
8.237906	44.3742596	44.3575429	44.191	44.18301	
8.248065	44.3742596	44.3575429	44.191	44.18301	
8.258249	44.3742596	44.3575429	44.191	44.18301	
8.268356	44.3742596	44.3575429	44.191	44.18301	
8.278487	44.3742596	44.3575429	44.191	44.18301	
8.288648	44.3742596	44.3575429	44.191	44.18301	
8.298817	44.3742596	44.3575429	44.191	44.18301	
8.308954	44.3742596	44.3575429	44.191	44.18301	
8.319299	44.3742596	44.3575429	44.191	44.18301	
8.32928	44.3742596	44.3575429	44.191	44.18301	
8.339505	44.3742596	44.3575429	44.191	44.18301	
8.349608	44.3742596	44.3575429	44.191	44.18301	
8.359749	44.3742596	44.3575429	44.191	44.18301	
8.369959	44.3742596	44.3575429	44.191	44.18301	
8.380067	44.3742596	44.3575429	44.191	44.18301	
8.390217	44.3742596	44.3575429	44.191	44.18301	
8.400781	44.3742596	44.3575429	44.191	44.18301	
8.410684	44.3742596	44.3575429	44.191	44.18301	
8.420825	44.3742596	44.3575429	44.191	44.18301	
8.430983	44.3742596	44.3575429	44.191	44.18301	
8.441178	44.3742596	44.3575429	44.191	44.18301	
8.451358	44.3742596	44.3575429	44.191	44.18301	
8.461447	44.3742596	44.3575429	44.191	44.18301	
8.471587	44.3742596	44.3575429	44.191	44.18301	
8.481764	44.3742596	44.3575429	44.191	44.18301	
8.491879	44.3742596	44.3575429	44.191	44.18301	
8.502015	44.3742596	44.3575429	44.191	44.18301	
8.512164	44.3742596	44.3575429	44.191	44.18301	
8.522355	44.3742596	44.3575429	44.191	44.18301	
8.532479	44.3742596	44.3575429	44.191	44.18301	
8.54262	44.3742596	44.3575429	44.191	44.18301	
8.55278	44.3742596	44.3575429	44.191	44.18301	
8.562935	44.3742596	44.3575429	44.191	44.18301	
8.57307	44.3742596	44.3575429	44.191	44.18301	
8.583196	44.3742596	44.3575429	44.191	44.18301	
8.593368	44.3742596	44.3575429	44.191	44.18301	
8.603602	44.3742596	44.3575429	44.191	44.18301	
8.613682	44.3742596	44.3575429	44.191	44.18301	
8.623863	44.3742596	44.3575429	44.191	44.18301	
8.634013	44.3742596	44.3575429	44.191	44.18301	
8.64411	44.3742596	44.3575429	44.191	44.18301	
8.654288	44.3742596	44.3575429	44.191	44.18301	
8.664506	44.3742596	44.3575429	44.191	44.18301	
8.674577	44.3742596	44.3575429	44.191	44.18301	
8.684676	44.3742596	44.3575429	44.191	44.18301	
8.694871	44.3742596	44.3575429	44.191	44.18301	
8.712903	44.3742596	44.3575429	44.191	44.18301	
8.717469	44.3742596	44.3575429	44.191	44.18301	
8.727638	44.3742596	44.3575429	44.191	44.18301	
8.737779	44.3742596	44.3575429	44.191	44.18301	
8.74792	44.3742596	44.3575429	44.191	44.18301	
8.758066	44.3742596	44.3575429	44.191	44.18301	
8.768215	44.3742596	44.3575429	44.191	44.18301	
8.778395	44.3742596	44.3575429	44.191	44.18301	
8.788532	44.3742596	44.3575429	44.191	44.18301	
8.79868	44.3742596	44.3575429	44.191	44.18301	
8.808851	44.3742596	44.3575429	44.191	44.18301	
8.819035	44.3742596	44.3575429	44.191	44.18301	
8.829144	44.3742596	44.3575429	44.191	44.18301	
8.83931	44.3742596	44.3575429	44.191	44.18301	
8.849463	44.3742596	44.3575429	44.191	44.18301	
8.859883	44.3742596	44.3575429	44.191	44.18301	
8.869715	44.3742596	44.3575429	44.191	44.18301	
8.879908	44.3742596	44.3575429	44.191	44.18301	
8.890101	44.3742596	44.3575429	44.191	44.18301	
8.90018	44.3742596	44.3575429	44.191	44.18301	
8.910377	44.3742596	44.3575429	44.191	44.18301	
8.920545	44.3742596	44.3575429	44.191	44.18301	
8.930666	44.3742596	44.3575429	44.191	44.18301	
8.940798	44.3742596	44.3575429	44.191	44.18301	
8.950905	44.3742596	44.3575429	44.191	44.18301	
8.961136	44.3742596	44.3575429	44.191	44.18301	
8.971302	44.3742596	44.3575429	44.191	44.18301	
8.981431	44.3742596	44.3575429	44.191	44.18301	
8.991561	44.3742596	44.3575429	44.191	44.18301	
9.001768	44.3742596	44.3575429	44.191	44.18301	
9.011862	44.3742596	44.3575429	44.191	44.18301	
9.022006	44.3742596	44.3575429	44.191	44.18301	
9.03216	44.3742596	44.3575429	44.191	44.18301	
9.042336	44.3742596	44.3575429	44.191	44.18301	
9.052445	44.3742596	44.3575429	44.191	44.18301	
9.062573	44.3742596	44.3575429	44.191	44.18301	
9.072798	44.3742596	44.3575429	44.191	44.18301	
9.0829	44.3742596	44.3575429	44.191	44.18301	
9.093032	44.3742596	44.3575429	44.191	44.18301	
9.103162	44.3742596	44.3575429	44.191	44.18301	
9.113301	44.3742596	44.3575429	44.191	44.18301	
9.124033	44.3742596	44.3575429	44.191	44.18301	
9.13365	44.3742596	44.3575429	44.191	44.18301	
9.143865	44.3742596	44.3575429	44.191	44.18301	
9.153991	44.3742596	44.3575429	44.191	44.18301	
9.16432	44.3742596	44.3575429	44.191	44.18301	
9.174256	44.3742596	44.3575429	44.191	44.18301	
9.184376	44.3742596	44.3575429	44.191	44.18301	
9.194488	44.3742596	44.3575429	44.191	44.18301	
9.205829	44.3742596	44.3575429	44.191	44.18301	
9.214812	44.3742596	44.3575429	44.191	44.18301	
9.225027	44.3742596	44.3575429	44.191	44.18301	
9.235113	44.3742596	44.3575429	44.191	44.18301	
9.245271	44.3742596	44.3575429	44.191	44.18301	
9.255478	44.3742596	44.3575429	44.191	44.18301	
9.265611	44.3742596	44.3575429	44.191	44.18301	
9.27576	44.3742596	44.3575429	44.191	44.18301	
9.285917	44.3742596	44.3575429	44.191	44.18301	
9.296077	44.3742596	44.3575429	44.191	44.18301	
9.306299	44.3742596	44.3575429	44.191	44.18301	
9.316372	44.3742596	44.3575429	44.191	44.18301	
9.326568	44.3742596	44.3575429	44.191	44.18301	
9.336732	44.3742596	44.3575429	44.191	44.18301	
9.34688	44.3742596	44.3575429	44.191	44.18301	
9.357014	44.3742596	44.3575429	44.191	44.18301	
9.367136	44.3742596	44.3575429	44.191	44.18301	
9.377322	44.3742596	44.3575429	44.191	44.18301	
9.387552	44.3742596	44.3575429	44.191	44.18301	
9.397632	44.3742596	44.3575429	44.191	44.18301	
9.407822	44.3742596	44.3575429	44.191	44.18301	
9.418044	44.3742596	44.3575429	44.191	44.18301	
9.428119	44.3742596	44.3575429	44.191	44.18301	
9.438252	44.3742596	44.3575429	44.191	44.18301	
9.448494	44.3742596	44.3575429	44.191	44.18301	
9.458572	44.3742596	44.3575429	44.191	44.18301	
9.468711	44.3742596	44.3575429	44.191	44.18301	
9.478864	44.3742596	44.3575429	44.191	44.18301	
9.497158	44.3742596	44.3575429	44.191	44.18301	
9.501732	44.3742596	44.3575429	44.191	44.18301	
9.511872	44.3742596	44.3575429	44.191	44.18301	
9.522149	44.3742596	44.3575429	44.191	44.18301	
9.532579	44.3742596	44.3575429	44.191	44.18301	
9.54232	44.3742596	44.3575429	44.191	44.18301	
9.552509	44.3742596	44.3575429	44.191	44.18301	
9.562742	44.3742596	44.3575429	44.191	44.18301	
9.572862	44.3742596	44.3575429	44.191	44.18301	
9.58302	44.3742596	44.3575429	44.191	44.18301	
9.593192	44.3742596	44.3575429	44.191	44.18301	
9.603317	44.3742596	44.3575429	44.191	44.18301	
9.621282	44.3742596	44.3575429	44.191	44.18301	
9.62593	44.3742596	44.3575429	44.191	44.18301	
9.636379	44.3742596	44.3575429	44.191	44.18301	
9.646508	44.3742596	44.3575429	44.191	44.18301	
9.656707	44.3742596	44.3575429	44.191	44.18301	
9.666846	44.3742596	44.3575429	44.191	44.18301	
9.676978	44.3742596	44.3575429	44.191	44.18301	
9.687128	44.3742596	44.3575429	44.191	44.18301	
9.697326	44.3742596	44.3575429	44.191	44.18301	
9.707523	44.3742596	44.3575429	44.191	44.18301	
9.717606	44.3742596	44.3575429	44.191	44.18301	
9.727747	44.3742596	44.3575429	44.191	44.18301	
9.737984	44.3742596	44.3575429	44.191	44.18301	
9.748068	44.3742596	44.3575429	44.191	44.18301	
9.758204	44.3742596	44.3575429	44.191	44.18301	
9.768365	44.3742596	44.3575429	44.191	44.18301	
9.778519	44.3742596	44.3575429	44.191	44.18301	
9.788666	44.3742596	44.3575429	44.191	44.18301	
9.798825	44.3742596	44.3575429	44.191	44.18301	
9.808986	44.3742596	44.3575429	44.191	44.18301	
9.819315	44.3742596	44.3575429	44.191	44.18301	
9.829278	44.3742596	44.3575429	44.191	44.18301	
9.83944	44.3742596	44.3575429	44.191	44.18301	
9.849604	44.3742596	44.3575429	44.191	44.18301	
9.859742	44.3742596	44.3575429	44.191	44.18301	
9.869858	44.3742596	44.3575429	44.191	44.18301	
9.88003	44.3742596	44.3575429	44.191	44.18301	
9.890266	44.3742596	44.3575429	44.191	44.18301	
9.900344	44.3742596	44.3575429	44.191	44.18301	
9.910519	44.3742596	44.3575429	44.191	44.18301	
9.920691	44.3742596	44.3575429	44.191	44.18301	
9.930808	44.3742596	44.3575429	44.191	44.18301	
9.940969	44.3742596	44.3575429	44.191	44.18301	
9.951102	44.3742596	44.3575429	44.191	44.18301	
9.961263	44.3742596	44.3575429	44.191	44.18301	
9.97146	44.3742596	44.3575429	44.191	44.18301	
9.981547	44.3742596	44.3575429	44.191	44.18301	
9.991686	44.3742596	44.3575429	44.191	44.18301	
10.00188	44.3742596	44.3575429	44.191	44.18301	
10.01197	44.3742596	44.3575429	44.191	44.18301	
10.02214	44.3742596	44.3575429	44.191	44.18301	
10.03231	44.3742596	44.3575429	44.191	44.18301	
10.04246	44.3742596	44.3575429	44.191	44.18301	
10.05255	44.3742596	44.3575429	44.191	44.18301	
10.0627	44.3742596	44.3575429	44.191	44.18301	
10.0748	44.3742596	44.3575429	44.191	44.18301	
10.09321	44.3742596	44.3575429	44.191	44.18301	
10.09775	44.3742596	44.3575429	44.191	44.18301	
10.10789	44.3742596	44.3575429	44.191	44.18301	
10.11805	44.3742596	44.3575429	44.191	44.18301	
10.13033	44.3742596	44.3575429	44.191	44.18301	
10.13836	44.3742596	44.3575429	44.191	44.18301	
10.14845	44.3742596	44.3575429	44.191	44.18301	
10.15858	44.3742596	44.3575429	44.191	44.18301	
10.16876	44.3742596	44.3575429	44.191	44.18301	
10.17891	44.3742596	44.3575429	44.191	44.18301	
10.18904	44.3742596	44.3575429	44.191	44.18301	
10.19918	44.3742596	44.3575429	44.191	44.18301	
10.20935	44.3742596	44.3575429	44.191	44.18301	
10.21956	44.3742596	44.3575429	44.191	44.18301	
10.22965	44.3742596	44.3575429	44.191	44.18301	
10.23978	44.3742596	44.3575429	44.191	44.18301	
10.25003	44.3742596	44.3575429	44.191	44.18301	
10.2601	44.3742596	44.3575429	44.191	44.18301	
10.27027	44.3742596	44.3575429	44.191	44.18301	
10.28045	44.3742596	44.3575429	44.191	44.18301	
10.29057	44.3742596	44.3575429	44.191	44.18301	
10.30071	44.3742596	44.3575429	44.191	44.18301	
10.31086	44.3742596	44.3575429	44.191	44.18301	
10.32126	44.3742596	44.3575429	44.191	44.18301	
10.33121	44.3742596	44.3575429	44.191	44.18301	
10.34133	44.3742596	44.3575429	44.191	44.18301	
10.3515	44.3742596	44.3575429	44.191	44.18301	
10.36157	44.3742596	44.3575429	44.191	44.18301	
10.37174	44.3742596	44.3575429	44.191	44.18301	
10.38192	44.3742596	44.3575429	44.191	44.18301	
10.39209	44.3742596	44.3575429	44.191	44.18301	
10.40234	44.3742596	44.3575429	44.191	44.18301	
10.4126	44.3742596	44.3575429	44.191	44.18301	
10.42249	44.3742596	44.3575429	44.191	44.18301	
10.4327	44.3742596	44.3575429	44.191	44.18301	
10.44278	44.3742596	44.3575429	44.191	44.18301	
10.45293	44.3742596	44.3575429	44.191	44.18301	
10.46305	44.3742596	44.3575429	44.191	44.18301	
10.47322	44.3742596	44.3575429	44.191	44.18301	
10.48336	44.3742596	44.3575429	44.191	44.18301	
10.49355	44.3742596	44.3575429	44.191	44.18301	
10.50365	44.3742596	44.3575429	44.191	44.18301	
10.51382	44.3742596	44.3575429	44.191	44.18301	
10.52394	44.3742596	44.3575429	44.191	44.18301	
10.53407	44.3742596	44.3575429	44.191	44.18301	
10.54421	44.3742596	44.3575429	44.191	44.18301	
10.5544	44.3742596	44.3575429	44.191	44.18301	
10.56453	44.3742596	44.3575429	44.191	44.18301	
10.57467	44.3742596	44.3575429	44.191	44.18301	
10.58484	44.3742596	44.3575429	44.191	44.18301	
10.59502	44.3742596	44.3575429	44.191	44.18301	
10.60514	44.3742596	44.3575429	44.191	44.18301	
10.61526	44.3742596	44.3575429	44.191	44.18301	
10.62545	44.3742596	44.3575429	44.191	44.18301	
10.63569	44.3742596	44.3575429	44.191	44.18301	
10.64579	44.3742596	44.3575429	44.191	44.18301	
10.65594	44.3742596	44.3575429	44.191	44.18301	
10.66616	44.3742596	44.3575429	44.191	44.18301	
10.67623	44.3742596	44.3575429	44.191	44.18301	
10.68639	44.3742596	44.3575429	44.191	44.18301	
10.69658	44.3742596	44.3575429	44.191	44.18301	
10.70671	44.3742596	44.3575429	44.191	44.18301	
10.71685	44.3742596	44.3575429	44.191	44.18301	
10.727	44.3742596	44.3575429	44.191	44.18301	
10.73717	44.3742596	44.3575429	44.191	44.18301	
10.74736	44.3742596	44.3575429	44.191	44.18301	
10.75747	44.3742596	44.3575429	44.191	44.18301	
10.76765	44.3742596	44.3575429	44.191	44.18301	
10.7778	44.3742596	44.3575429	44.191	44.18301	
10.78794	44.3742596	44.3575429	44.191	44.18301	
10.79809	44.3742596	44.3575429	44.191	44.18301	
10.80823	44.3742596	44.3575429	44.191	44.18301	
10.8186	44.3742596	44.3575429	44.191	44.18301	
10.82856	44.3742596	44.3575429	44.191	44.18301	
10.8387	44.3742596	44.3575429	44.191	44.18301	
10.84891	44.3742596	44.3575429	44.191	44.18301	
10.85904	44.3742596	44.3575429	44.191	44.18301	
10.86914	44.3742596	44.3575429	44.191	44.18301	
10.87932	44.3742596	44.3575429	44.191	44.18301	
10.88945	44.3742596	44.3575429	44.191	44.18301	
10.89971	44.3742596	44.3575429	44.191	44.18301	
10.9098	44.3742596	44.3575429	44.191	44.18301	
10.91995	44.3742596	44.3575429	44.191	44.18301	
10.93018	44.3742596	44.3575429	44.191	44.18301	
10.9402	44.3742596	44.3575429	44.191	44.18301	
10.95047	44.3742596	44.3575429	44.191	44.18301	
10.96053	44.3742596	44.3575429	44.191	44.18301	
10.9707	44.3742596	44.3575429	44.191	44.18301	
10.98083	44.3742596	44.3575429	44.191	44.18301	
10.991	44.3742596	44.3575429	44.191	44.18301	
11.00114	44.3742596	44.3575429	44.191	44.18301	
11.01129	44.3742596	44.3575429	44.191	44.18301	
11.02145	44.3742596	44.3575429	44.191	44.18301	
11.03157	44.3742596	44.3575429	44.191	44.18301	
11.04176	44.3742596	44.3575429	44.191	44.18301	
11.05212	44.3742596	44.3575429	44.191	44.18301	
11.06203	44.3742596	44.3575429	44.191	44.18301	
11.07217	44.3742596	44.3575429	44.191	44.18301	
11.08237	44.3742596	44.3575429	44.191	44.18301	
11.09246	44.3742596	44.3575429	44.191	44.18301	
11.10279	44.3742596	44.3575429	44.191	44.18301	
11.11276	44.3742596	44.3575429	44.191	44.18301	
11.12286	44.3742596	44.3575429	44.191	44.18301	
11.1343	44.3742596	44.3575429	44.191	44.18301	
11.14334	44.3742596	44.3575429	44.191	44.18301	
11.16183	44.3742596	44.3575429	44.191	44.18301	
11.16637	44.3742596	44.3575429	44.191	44.18301	
11.17656	44.3742596	44.3575429	44.191	44.18301	
11.18672	44.3742596	44.3575429	44.191	44.18301	
11.19681	44.3742596	44.3575429	44.191	44.18301	
11.2073	44.3742596	44.3575429	44.191	44.18301	
11.21737	44.3742596	44.3575429	44.191	44.18301	
11.22757	44.3742596	44.3575429	44.191	44.18301	
11.23766	44.3742596	44.3575429	44.191	44.18301	
11.24782	44.3742596	44.3575429	44.191	44.18301	
11.25802	44.3742596	44.3575429	44.191	44.18301	
11.26811	44.3742596	44.3575429	44.191	44.18301	
11.27823	44.3742596	44.3575429	44.191	44.18301	
11.28836	44.3742596	44.3575429	44.191	44.18301	
11.29852	44.3742596	44.3575429	44.191	44.18301	
11.30869	44.3742596	44.3575429	44.191	44.18301	
11.31898	44.3742596	44.3575429	44.191	44.18301	
11.32904	44.3742596	44.3575429	44.191	44.18301	
11.33917	44.3742596	44.3575429	44.191	44.18301	
11.34927	44.3742596	44.3575429	44.191	44.18301	
11.35947	44.3742596	44.3575429	44.191	44.18301	
11.36961	44.3742596	44.3575429	44.191	44.18301	
11.3798	44.3742596	44.3575429	44.191	44.18301	
11.38993	44.3742596	44.3575429	44.191	44.18301	
11.40009	44.3742596	44.3575429	44.191	44.18301	
11.4103	44.3742596	44.3575429	44.191	44.18301	
11.42041	44.3742596	44.3575429	44.191	44.18301	
11.43056	44.3742596	44.3575429	44.191	44.18301	
11.44073	44.3742596	44.3575429	44.191	44.18301	
11.45086	44.3742596	44.3575429	44.191	44.18301	
11.46102	44.3742596	44.3575429	44.191	44.18301	
11.47133	44.3742596	44.3575429	44.191	44.18301	
11.48133	44.3742596	44.3575429	44.191	44.18301	
11.49147	44.3742596	44.3575429	44.191	44.18301	
11.50161	44.3742596	44.3575429	44.191	44.18301	
11.51172	44.3742596	44.3575429	44.191	44.18301	
11.52192	44.3742596	44.3575429	44.191	44.18301	
11.53204	44.3742596	44.3575429	44.191	44.18301	
11.54219	44.3742596	44.3575429	44.191	44.18301	
11.55236	44.3742596	44.3575429	44.191	44.18301	
11.56275	44.3742596	44.3575429	44.191	44.18301	
11.57263	44.3742596	44.3575429	44.191	44.18301	
11.58279	44.3742596	44.3575429	44.191	44.18301	
11.59294	44.3742596	44.3575429	44.191	44.18301	
11.60305	44.3742596	44.3575429	44.191	44.18301	
11.61319	44.3742596	44.3575429	44.191	44.18301	
11.62333	44.3742596	44.3575429	44.191	44.18301	
11.64134	44.3742596	44.3575429	44.191	44.18301	
11.6459	44.3742596	44.3575429	44.191	44.18301	
11.65603	44.3742596	44.3575429	44.191	44.18301	
11.66627	44.3742596	44.3575429	44.191	44.18301	
11.67634	44.3742596	44.3575429	44.191	44.18301	
11.68653	44.3742596	44.3575429	44.191	44.18301	
11.69672	44.3742596	44.3575429	44.191	44.18301	
11.70683	44.3742596	44.3575429	44.191	44.18301	
11.71697	44.3742596	44.3575429	44.191	44.18301	
11.72713	44.3742596	44.3575429	44.191	44.18301	
11.73729	44.3742596	44.3575429	44.191	44.18301	
11.74745	44.3742596	44.3575429	44.191	44.18301	
11.75758	44.3742596	44.3575429	44.191	44.18301	
11.76774	44.3742596	44.3575429	44.191	44.18301	
11.7779	44.3742596	44.3575429	44.191	44.18301	
11.78806	44.3742596	44.3575429	44.191	44.18301	
11.7982	44.3742596	44.3575429	44.191	44.18301	
11.80837	44.3742596	44.3575429	44.191	44.18301	
11.81854	44.3742596	44.3575429	44.191	44.18301	
11.82869	44.3742596	44.3575429	44.191	44.18301	
11.83882	44.3742596	44.3575429	44.191	44.18301	
11.84899	44.3742596	44.3575429	44.191	44.18301	
11.85914	44.3742596	44.3575429	44.191	44.18301	
11.86924	44.3742596	44.3575429	44.191	44.18301	
11.87943	44.3742596	44.3575429	44.191	44.18301	
11.8896	44.3742596	44.3575429	44.191	44.18301	
11.89984	44.3742596	44.3575429	44.191	44.18301	
11.90993	44.3742596	44.3575429	44.191	44.18301	
11.92009	44.3742596	44.3575429	44.191	44.18301	
11.93027	44.3742596	44.3575429	44.191	44.18301	
11.94039	44.3742596	44.3575429	44.191	44.18301	
11.95055	44.3742596	44.3575429	44.191	44.18301	
11.96074	44.3742596	44.3575429	44.191	44.18301	
11.97084	44.3742596	44.3575429	44.191	44.18301	
11.98098	44.3742596	44.3575429	44.191	44.18301	
11.99112	44.3742596	44.3575429	44.191	44.18301	
12.0013	44.3742596	44.3575429	44.191	44.18301	
12.01144	44.3742596	44.3575429	44.191	44.18301	
12.02161	44.3742596	44.3575429	44.191	44.18301	
12.03176	44.3742596	44.3575429	44.191	44.18301	
12.04189	44.3742596	44.3575429	44.191	44.18301	
12.05209	44.3742596	44.3575429	44.191	44.18301	
12.06258	44.3742596	44.3575429	44.191	44.18301	
12.07235	44.3742596	44.3575429	44.191	44.18301	
12.08251	44.3742596	44.3575429	44.191	44.18301	
12.09262	44.3742596	44.3575429	44.191	44.18301	
12.10279	44.3742596	44.3575429	44.191	44.18301	
12.11293	44.3742596	44.3575429	44.191	44.18301	
12.12305	44.3742596	44.3575429	44.191	44.18301	
12.13532	44.3742596	44.3575429	44.191	44.18301	
12.14332	44.3742596	44.3575429	44.191	44.18301	
12.15364	44.3742596	44.3575429	44.191	44.18301	
12.1637	44.3742596	44.3575429	44.191	44.18301	
12.17398	44.3742596	44.3575429	44.191	44.18301	
12.18394	44.3742596	44.3575429	44.191	44.18301	
12.19437	44.3742596	44.3575429	44.191	44.18301	
12.20425	44.3742596	44.3575429	44.191	44.18301	
12.21438	44.3742596	44.3575429	44.191	44.18301	
12.22452	44.3742596	44.3575429	44.191	44.18301	
12.23469	44.3742596	44.3575429	44.191	44.18301	
12.24482	44.3742596	44.3575429	44.191	44.18301	
12.25502	44.3742596	44.3575429	44.191	44.18301	
12.26514	44.3742596	44.3575429	44.191	44.18301	
12.27529	44.3742596	44.3575429	44.191	44.18301	
12.28544	44.3742596	44.3575429	44.191	44.18301	
12.29558	44.3742596	44.3575429	44.191	44.18301	
12.30577	44.3742596	44.3575429	44.191	44.18301	
12.31594	44.3742596	44.3575429	44.191	44.18301	
12.32613	44.3742596	44.3575429	44.191	44.18301	
12.33627	44.3742596	44.3575429	44.191	44.18301	
12.34645	44.3742596	44.3575429	44.191	44.18301	
12.3566	44.3742596	44.3575429	44.191	44.18301	
12.36671	44.3742596	44.3575429	44.191	44.18301	
12.37692	44.3742596	44.3575429	44.191	44.18301	
12.38704	44.3742596	44.3575429	44.191	44.18301	
12.39715	44.3742596	44.3575429	44.191	44.18301	
12.40737	44.3742596	44.3575429	44.191	44.18301	
12.41755	44.3742596	44.3575429	44.191	44.18301	
12.4356	44.3742596	44.3575429	44.191	44.18301	
12.44015	44.3742596	44.3575429	44.191	44.18301	
12.4504	44.3742596	44.3575429	44.191	44.18301	
12.46046	44.3742596	44.3575429	44.191	44.18301	
12.47061	44.3742596	44.3575429	44.191	44.18301	
12.4809	44.3742596	44.3575429	44.191	44.18301	
12.49099	44.3742596	44.3575429	44.191	44.18301	
12.50113	44.3742596	44.3575429	44.191	44.18301	
12.51127	44.3742596	44.3575429	44.191	44.18301	
12.52142	44.3742596	44.3575429	44.191	44.18301	
12.53156	44.3742596	44.3575429	44.191	44.18301	
12.5417	44.3742596	44.3575429	44.191	44.18301	
12.55186	44.3742596	44.3575429	44.191	44.18301	
12.56217	44.3742596	44.3575429	44.191	44.18301	
12.57216	44.3742596	44.3575429	44.191	44.18301	
12.58233	44.3742596	44.3575429	44.191	44.18301	
12.59244	44.3742596	44.3575429	44.191	44.18301	
12.60262	44.3742596	44.3575429	44.191	44.18301	
12.61271	44.3742596	44.3575429	44.191	44.18301	
12.62297	44.3742596	44.3575429	44.191	44.18301	
12.63314	44.3742596	44.3575429	44.191	44.18301	
12.64326	44.3742596	44.3575429	44.191	44.18301	
12.65342	44.3742596	44.3575429	44.191	44.18301	
12.67184	44.3742596	44.3575429	44.191	44.18301	
12.67642	44.3742596	44.3575429	44.191	44.18301	
12.68657	44.3742596	44.3575429	44.191	44.18301	
12.69674	44.3742596	44.3575429	44.191	44.18301	
12.70686	44.3742596	44.3575429	44.191	44.18301	
12.71704	44.3742596	44.3575429	44.191	44.18301	
12.72733	44.3742596	44.3575429	44.191	44.18301	
12.73747	44.3742596	44.3575429	44.191	44.18301	
12.74766	44.3742596	44.3575429	44.191	44.18301	
12.75777	44.3742596	44.3575429	44.191	44.18301	
12.76794	44.3742596	44.3575429	44.191	44.18301	
12.77812	44.3742596	44.3575429	44.191	44.18301	
12.78823	44.3742596	44.3575429	44.191	44.18301	
12.79839	44.3742596	44.3575429	44.191	44.18301	
12.80855	44.3742596	44.3575429	44.191	44.18301	
12.81871	44.3742596	44.3575429	44.191	44.18301	
12.82888	44.3742596	44.3575429	44.191	44.18301	
12.83903	44.3742596	44.3575429	44.191	44.18301	
12.8492	44.3742596	44.3575429	44.191	44.18301	
12.85933	44.3742596	44.3575429	44.191	44.18301	
12.86945	44.3742596	44.3575429	44.191	44.18301	
12.87962	44.3742596	44.3575429	44.191	44.18301	
12.8898	44.3742596	44.3575429	44.191	44.18301	
12.89996	44.3742596	44.3575429	44.191	44.18301	
12.91011	44.3742596	44.3575429	44.191	44.18301	
12.92027	44.3742596	44.3575429	44.191	44.18301	
12.93046	44.3742596	44.3575429	44.191	44.18301	
12.9406	44.3742596	44.3575429	44.191	44.18301	
12.95079	44.3742596	44.3575429	44.191	44.18301	
12.96098	44.3742596	44.3575429	44.191	44.18301	
12.9711	44.3742596	44.3575429	44.191	44.18301	
12.98143	44.3742596	44.3575429	44.191	44.18301	
12.9914	44.3742596	44.3575429	44.191	44.18301	
13.00153	44.3742596	44.3575429	44.191	44.18301	
13.01169	44.3742596	44.3575429	44.191	44.18301	
13.02182	44.3742596	44.3575429	44.191	44.18301	
13.03192	44.3742596	44.3575429	44.191	44.18301	
13.04217	44.3742596	44.3575429	44.191	44.18301	
13.05226	44.3742596	44.3575429	44.191	44.18301	
13.06241	44.3742596	44.3575429	44.191	44.18301	
13.07255	44.3742596	44.3575429	44.191	44.18301	
13.08273	44.3742596	44.3575429	44.191	44.18301	
13.09284	44.3742596	44.3575429	44.191	44.18301	
13.10296	44.3742596	44.3575429	44.191	44.18301	
13.11309	44.3742596	44.3575429	44.191	44.18301	
13.12326	44.3742596	44.3575429	44.191	44.18301	
13.13552	44.3742596	44.3575429	44.191	44.18301	
13.14376	44.3742596	44.3575429	44.191	44.18301	
13.15371	44.3742596	44.3575429	44.191	44.18301	
13.16389	44.3742596	44.3575429	44.191	44.18301	
13.17403	44.3742596	44.3575429	44.191	44.18301	
13.18416	44.3742596	44.3575429	44.191	44.18301	
13.19435	44.3742596	44.3575429	44.191	44.18301	
13.20583	44.3742596	44.3575429	44.191	44.18301	
13.2146	44.3742596	44.3575429	44.191	44.18301	
13.22473	44.3742596	44.3575429	44.191	44.18301	
13.23492	44.3742596	44.3575429	44.191	44.18301	
13.24508	44.3742596	44.3575429	44.191	44.18301	
13.25521	44.3742596	44.3575429	44.191	44.18301	
13.26536	44.3742596	44.3575429	44.191	44.18301	
13.27553	44.3742596	44.3575429	44.191	44.18301	
13.28568	44.3742596	44.3575429	44.191	44.18301	
13.29587	44.3742596	44.3575429	44.191	44.18301	
13.30599	44.3742596	44.3575429	44.191	44.18301	
13.31615	44.3742596	44.3575429	44.191	44.18301	
13.32631	44.3742596	44.3575429	44.191	44.18301	
13.33646	44.3742596	44.3575429	44.191	44.18301	
13.34664	44.3742596	44.3575429	44.191	44.18301	
13.35677	44.3742596	44.3575429	44.191	44.18301	
13.36688	44.3742596	44.3575429	44.191	44.18301	
13.37711	44.3742596	44.3575429	44.191	44.18301	
13.38724	44.3742596	44.3575429	44.191	44.18301	
13.39735	44.3742596	44.3575429	44.191	44.18301	
13.40756	44.3742596	44.3575429	44.191	44.18301	
13.4177	44.3742596	44.3575429	44.191	44.18301	
13.42794	44.3742596	44.3575429	44.191	44.18301	
13.43805	44.3742596	44.3575429	44.191	44.18301	
13.4482	44.3742596	44.3575429	44.191	44.18301	
13.45866	44.3742596	44.3575429	44.191	44.18301	
13.46874	44.3742596	44.3575429	44.191	44.18301	
13.47889	44.3742596	44.3575429	44.191	44.18301	
13.4891	44.3742596	44.3575429	44.191	44.18301	
13.49917	44.3742596	44.3575429	44.191	44.18301	
13.50936	44.3742596	44.3575429	44.191	44.18301	
13.51951	44.3742596	44.3575429	44.191	44.18301	
13.52967	44.3742596	44.3575429	44.191	44.18301	
13.53988	44.3742596	44.3575429	44.191	44.18301	
13.54994	44.3742596	44.3575429	44.191	44.18301	
13.56016	44.3742596	44.3575429	44.191	44.18301	
13.57035	44.3742596	44.3575429	44.191	44.18301	
13.58041	44.3742596	44.3575429	44.191	44.18301	
13.59056	44.3742596	44.3575429	44.191	44.18301	
13.6007	44.3742596	44.3575429	44.191	44.18301	
13.61087	44.3742596	44.3575429	44.191	44.18301	
13.62101	44.3742596	44.3575429	44.191	44.18301	
13.63114	44.3742596	44.3575429	44.191	44.18301	
13.64129	44.3742596	44.3575429	44.191	44.18301	
13.65143	44.3742596	44.3575429	44.191	44.18301	
13.66158	44.3742596	44.3575429	44.191	44.18301	
13.67178	44.3742596	44.3575429	44.191	44.18301	
13.68189	44.3742596	44.3575429	44.191	44.18301	
13.69209	44.3742596	44.3575429	44.191	44.18301	
13.70219	44.3742596	44.3575429	44.191	44.18301	
13.71234	44.3742596	44.3575429	44.191	44.18301	
13.72252	44.3742596	44.3575429	44.191	44.18301	
13.73263	44.3742596	44.3575429	44.191	44.18301	
13.74276	44.3742596	44.3575429	44.191	44.18301	
13.75293	44.3742596	44.3575429	44.191	44.18301	
13.76314	44.3742596	44.3575429	44.191	44.18301	
13.77324	44.3742596	44.3575429	44.191	44.18301	
13.78344	44.3742596	44.3575429	44.191	44.18301	
13.79363	44.3742596	44.3575429	44.191	44.18301	
13.80374	44.3742596	44.3575429	44.191	44.18301	
13.81386	44.3742596	44.3575429	44.191	44.18301	
13.82402	44.3742596	44.3575429	44.191	44.18301	
13.83416	44.3742596	44.3575429	44.191	44.18301	
13.84429	44.3742596	44.3575429	44.191	44.18301	
13.85444	44.3742596	44.3575429	44.191	44.18301	
13.86455	44.3742596	44.3575429	44.191	44.18301	
13.87498	44.3742596	44.3575429	44.191	44.18301	
13.88492	44.3742596	44.3575429	44.191	44.18301	
13.89507	44.3742596	44.3575429	44.191	44.18301	
13.90521	44.3742596	44.3575429	44.191	44.18301	
13.91536	44.3742596	44.3575429	44.191	44.18301	
13.92551	44.3742596	44.3575429	44.191	44.18301	
13.93566	44.3742596	44.3575429	44.191	44.18301	
13.94583	44.3742596	44.3575429	44.191	44.18301	
13.95605	44.3742596	44.3575429	44.191	44.18301	
13.96617	44.3742596	44.3575429	44.191	44.18301	
13.99108	44.3742596	44.3575429	44.191	44.18301	
13.99595	44.3742596	44.3575429	44.191	44.18301	
