1.104031	0.257852805	0.253072742	0.0309600018	0.0261799388	
1.10873	0.258699952	0.253072742	0.0318071493	0.0261799388	
1.118814	0.261292412	0.253072742	0.0343996095	0.0261799388	
1.129019	0.264547052	0.253072742	0.0376542489	0.0261799388	
1.139195	0.268410055	0.261799388	0.0415172524	0.0261799388	
1.149333	0.272875378	0.261799388	0.0459825751	0.0261799388	
1.15945	0.277944936	0.261799388	0.0510521329	0.0261799388	
1.169575	0.283633839	0.261799388	0.0567410363	0.0261799388	
1.179797	0.290007869	0.270526034	0.0631150666	0.0261799388	
1.18996	0.296964707	0.270526034	0.0700719044	0.0261799388	
1.200338	0.304721961	0.27925268	0.0778291585	0.0261799388	
1.210299	0.31274367	0.27925268	0.085850867	0.0261799388	
1.220506	0.321600396	0.287979327	0.0947075932	0.0261799388	
1.230568	0.330932354	0.296705973	0.104039551	0.0261799388	
1.240772	0.341032434	0.296705973	0.114139631	0.034906585	
1.25097	0.351740721	0.305432619	0.124847918	0.034906585	
1.261062	0.362948664	0.314159265	0.136055861	0.034906585	
1.271235	0.374871125	0.322885912	0.147978322	0.0523598776	
1.281351	0.387340378	0.331612558	0.160447575	0.0610865238	
1.291543	0.400529009	0.34906585	0.173636206	0.0785398163	
1.301829	0.414481446	0.366519143	0.187588643	0.0959931089	
1.31189	0.428722302	0.375245789	0.201829499	0.113446401	
1.322036	0.443702028	0.383972435	0.216809225	0.13962634	
1.332212	0.459348032	0.401425728	0.232455229	0.165806279	
1.34229	0.475454587	0.410152374	0.248561784	0.191986218	
1.352484	0.492368435	0.427605667	0.265475632	0.218166156	
1.362618	0.509802267	0.436332313	0.282909464	0.244346095	
1.372794	0.527932928	0.445058959	0.301040126	0.270526034	
1.382928	0.546596194	0.462512252	0.319703391	0.296705973	
1.393041	0.565841509	0.471238898	0.338948706	0.314159265	
1.403312	0.586027576	0.488692191	0.359134774	0.340339204	
1.413425	0.606503952	0.506145483	0.379611149	0.357792497	
1.423566	0.627650441	0.532325422	0.400757638	0.375245789	
1.433788	0.649677806	0.549778714	0.422785003	0.392699082	
1.444089	0.672591872	0.575958653	0.445699069	0.410152374	
1.454126	0.695144591	0.602138592	0.468251788	0.427605667	
1.464225	0.718662802	0.637045177	0.491769999	0.453785606	
1.474345	0.742856981	0.663225116	0.515964178	0.471238898	
1.484551	0.767879386	0.698131701	0.540986583	0.488692191	
1.494608	0.793151703	0.733038286	0.5662589	0.514872129	
1.504933	0.819740309	0.767944871	0.592847507	0.541052068	
1.515018	0.846292417	0.802851456	0.619399614	0.567232007	
1.525132	0.873545976	0.837758041	0.646653173	0.602138592	
1.535243	0.90141305	0.86393798	0.674520247	0.628318531	
1.545592	0.930594875	0.898844565	0.703702073	0.663225116	
1.555581	0.959326603	0.93375115	0.7324338	0.689405055	
1.565772	0.98928053	0.959931089	0.762387727	0.72431164	
1.57586	1.01954229	0.994837674	0.792649491	0.750491578	
1.585986	1.05052823	1.02974426	0.823635424	0.785398163	
1.596141	1.08223527	1.0559242	0.855342463	0.820304748	
1.606531	1.11533124	1.09083078	0.888438441	0.846484687	
1.616489	1.1476073	1.11701072	0.920714497	0.872664626	
1.62664	1.18115312	1.15191731	0.954260319	0.907571211	
1.636736	1.21511687	1.18682389	0.988224066	0.942477796	
1.647097	1.25064549	1.21300383	1.02375268	0.977384381	
1.657062	1.28538328	1.24791042	1.05849048	1.01229097	
1.667204	1.32134966	1.282817	1.09445686	1.0559242	
1.677352	1.35798821	1.31772359	1.13109541	1.09083078	
1.687459	1.39505348	1.35263017	1.16816068	1.13446401	
1.705814	1.46507025	1.42244334	1.23817744	1.21300383	
1.710375	1.4821891	1.43989663	1.2552963	1.23045712	
1.720506	1.52135492	1.48352986	1.29446212	1.27409035	
1.730644	1.56118431	1.51843645	1.33429151	1.30899694	
1.740785	1.60163049	1.56206968	1.37473769	1.35263017	
1.750983	1.64294612	1.60570291	1.41605332	1.3962634	
1.761122	1.68462541	1.6406095	1.45773261	1.43989663	
1.771292	1.7270578	1.69296937	1.500165	1.48352986	
1.781434	1.77000265	1.72787596	1.54310985	1.53588974	
1.791538	1.81337648	1.77150919	1.58648367	1.57079633	
1.803365	1.86509302	1.81514242	1.63820022	1.61442956	
1.81194	1.90291238	1.8675023	1.67601957	1.65806279	
1.822077	1.94827251	1.91113553	1.72137971	1.70169602	
1.832212	1.99425785	1.95476876	1.76736504	1.74532925	
1.842394	2.04109388	2.00712864	1.81420108	1.78896248	
1.852567	2.08850468	2.05076187	1.86161188	1.83259571	
1.862678	2.13621895	2.0943951	1.90932614	1.87622895	
1.872814	2.18468267	2.14675498	1.95778987	1.92858882	
1.883011	2.23406379	2.19911486	2.00717099	1.97222205	
1.893096	2.28351438	2.25147474	2.05662158	2.02458193	
1.904643	2.34100919	2.30383461	2.11411639	2.07694181	
1.913467	2.38530756	2.35619449	2.15841476	2.12057504	
1.923567	2.43665847	2.40855437	2.20976567	2.17293492	
1.941572	2.53061593	2.50454748	2.30372313	2.26892803	
1.946029	2.55379802	2.53072742	2.32690521	2.29510797	
1.964071	2.65035903	2.58308729	2.42346622	2.34746784	
1.968511	2.67404559	2.64417382	2.44715279	2.40855437	
1.97868	2.72914382	2.69653369	2.50225101	2.46964089	
1.990839	2.79601491	2.75762022	2.56912211	2.51327412	
1.998971	2.84095902	2.8099801	2.61406622	2.57436065	
2.009234	2.89846864	2.86233997	2.67157584	2.62672052	
2.019317	2.95549496	2.9234265	2.72860216	2.68780705	
2.02952	3.01388013	2.98451302	2.78698732	2.74016693	
2.039652	3.07244946	3.0368729	2.84555666	2.7925268	
2.0498	3.13175306	3.09795942	2.90486026	2.86233997	
2.059977	3.19186654	3.15904595	2.96497374	2.9234265	
2.07011	3.25229304	3.22013247	3.02540024	2.97578637	
2.080275	3.31354936	3.28121899	3.08665655	3.0368729	
2.090414	3.37526499	3.35103216	3.14837219	3.10668607	
2.100569	3.43768477	3.41211869	3.21079197	3.17649924	
2.110817	3.50137207	3.47320521	3.27447927	3.24631241	
2.120916	3.56463438	3.54301838	3.33774157	3.30739893	
2.131307	3.63047324	3.60410491	3.40358044	3.3772121	
2.141242	3.69396455	3.66519143	3.46707175	3.43829863	
2.151355	3.75920589	3.7350046	3.53231309	3.5081118	
2.161508	3.82535123	3.79609112	3.59845842	3.56919832	
2.171633	3.89189534	3.85717765	3.66500254	3.63901149	
2.181886	3.9599489	3.92699082	3.7330561	3.70882466	
2.191948	4.02730976	3.98807734	3.80041696	3.76991118	
2.202074	4.09573661	4.05789051	3.86884381	3.83972435	
2.212679	4.16813859	4.12770368	3.94124579	3.90953752	
2.222447	4.23526101	4.1887902	4.0083682	3.97935069	
2.232583	4.30683505	4.26733002	4.07994225	4.04916386	
2.242755	4.37684095	4.33714319	4.14994815	4.11897703	
2.25289	4.44838373	4.40695636	4.22149093	4.1887902	
2.273877	4.60020428	4.55530935	4.37331147	4.32841654	
2.278392	4.63241446	4.59021593	4.40552166	4.36332313	
2.288548	4.70631471	4.6600291	4.47942191	4.4331363	
2.298668	4.7805814	4.72984227	4.5536886	4.51167612	
2.309588	4.86151185	4.80838209	4.63461904	4.59021593	
2.319092	4.93231698	4.87819526	4.70542418	4.6600291	
2.329213	5.00840104	4.95673508	4.78150824	4.72984227	
2.3394	5.08565941	5.03527489	4.85876661	4.80838209	
2.349505	5.16286041	5.11381471	4.9359676	4.88692191	
2.359705	5.24142982	5.18362788	5.01453702	4.95673508	
2.369868	5.31873316	5.27089434	5.09184036	5.03527489	
2.38002	5.394891	5.34943416	5.1679982	5.11381471	
2.390171	5.47063159	5.42797397	5.24373878	5.19235452	
2.400275	5.54544579	5.50651379	5.31855298	5.27089434	
2.41116	5.62539488	5.59378025	5.39850208	5.3581608	
2.420676	5.69467415	5.67232007	5.46778135	5.43670062	
2.430809	5.76787921	5.75958653	5.54098641	5.51524044	
2.440952	5.84055274	5.83812635	5.61365994	5.6025069	
2.45116	5.91309296	5.91666616	5.68620016	5.68104672	
2.461325	5.98473667	6.00393263	5.75784387	5.75958653	
2.471442	6.05537401	6.08247244	5.8284812	5.84685299	
2.481596	6.12572656	6.16101226	5.89883375	5.92539281	
2.491791	6.19573195	6.23955208	5.96883915	6.00393263	
2.501981	6.26510804	6.31809189	6.03821524	6.08247244	
2.51265	6.3371425	6.39663171	6.1102497	6.16101226	
2.52235	6.40195871	6.46644488	6.17506591	6.23955208	
2.532561	6.4696404	6.53625805	6.24274759	6.30936525	
2.542647	6.53589482	6.60607122	6.30900201	6.37917842	
2.55279	6.60191953	6.67588439	6.37502673	6.44899159	
2.563	6.66778076	6.73697091	6.44088796	6.5275314	
2.573126	6.73248958	6.80678408	6.50559678	6.58861793	
2.583264	6.79669189	6.86787061	6.56979909	6.6584311	
2.593417	6.86037893	6.92895713	6.63348612	6.71951762	
2.603581	6.92350544	6.99004365	6.69661264	6.78060414	
2.615297	6.99549046	7.05113018	6.76859765	6.84169067	
2.623982	7.04841747	7.10349006	6.82152467	6.89405055	
2.634091	7.10939417	7.16457658	6.88250137	6.95513707	
2.644252	7.17010925	7.21693646	6.94321645	7.01622359	
2.662652	7.27766117	7.32165621	7.05076837	7.1122167	
2.667148	7.30396694	7.34783615	7.07707414	7.13839664	
2.677278	7.36254203	7.40019603	7.13564923	7.19075652	
2.687427	7.42059648	7.45255591	7.19370367	7.23438975	
2.697545	7.47791607	7.49618914	7.25102327	7.28674963	
2.717076	7.58579673	7.59218225	7.35890392	7.37401609	
2.721983	7.61293422	7.61836218	7.38604142	7.40892267	
2.732107	7.66820706	7.67072206	7.44131425	7.46128255	
2.742251	7.72301013	7.71435529	7.49611733	7.50491578	
2.752389	7.7771817	7.76671517	7.5502889	7.54854901	
2.762556	7.83092558	7.81907505	7.60403278	7.60090889	
2.772734	7.88409226	7.87143493	7.65719946	7.64454212	
2.782874	7.93645762	7.9237948	7.70956482	7.696902	
2.793023	7.98828465	7.97615468	7.76139185	7.74926188	
2.803194	8.03962592	8.02851456	7.81273312	7.80162176	
2.813301	8.09007084	8.08087444	7.86317804	7.85398163	
2.823529	8.14048698	8.13323431	7.91359418	7.90634151	
2.833656	8.18978757	8.18559419	7.96289477	7.95870139	
2.843809	8.2386385	8.23795407	8.0117457	8.01106127	
2.854033	8.28721163	8.29031395	8.06031883	8.06342114	
2.864222	8.33502994	8.34267382	8.10813714	8.11578102	
2.874308	8.38176295	8.3950337	8.15487014	8.1681409	
2.884533	8.42851971	8.44739358	8.20162691	8.22050078	
2.894602	8.47398348	8.49975346	8.24709068	8.27286065	
2.90472	8.51909485	8.55211333	8.29220204	8.32522053	
2.915342	8.56578195	8.60447321	8.33888915	8.37758041	
2.925158	8.60840811	8.65683309	8.38151531	8.42121364	
2.935236	8.65150664	8.70046632	8.42461383	8.47357352	
2.945349	8.69419106	8.74409955	8.46729826	8.51720675	
2.955479	8.7363605	8.79645943	8.5094677	8.56956663	
2.965737	8.77847755	8.84009266	8.55158475	8.61319986	
2.975789	8.81911809	8.88372589	8.59222529	8.65683309	
2.985927	8.85966579	8.92735912	8.63277299	8.70046632	
2.996488	8.90099203	8.97099236	8.67409923	8.74409955	
3.006479	8.93961869	9.00589894	8.71272589	8.77900614	
3.016889	8.97926118	9.04080553	8.75236837	8.82263937	
3.027158	9.01776146	9.08443876	8.79086866	8.85754595	
3.037002	9.0540778	9.11934534	8.827185	8.89245254	
3.047124	9.0908469	9.15425193	8.8639541	8.92735912	
3.057237	9.12700073	9.18043187	8.90010793	8.95353906	
3.067428	9.16283564	9.21533845	8.93594283	8.98844565	
3.07773	9.19843899	9.25024504	8.97154619	9.02335223	
3.095558	9.25783819	9.30260491	9.03094539	9.07571211	
3.100055	9.27286701	9.32005821	9.04597421	9.08443876	
3.11015	9.30587193	9.34623814	9.07897913	9.1106187	
3.121565	9.34246086	9.37241808	9.11556806	9.14552528	
3.130672	9.37116876	9.39859802	9.14427595	9.17170522	
3.140751	9.4023335	9.42477796	9.1754407	9.19788516	
3.150862	9.43304081	9.45968455	9.20614801	9.21533845	
3.160958	9.4631103	9.47713784	9.2362175	9.24151839	
3.171165	9.49291671	9.51204442	9.26602391	9.26769833	
3.18132	9.52198851	9.53822436	9.29509571	9.29387827	
3.191447	9.55037019	9.5644043	9.32347739	9.32005821	
3.201599	9.5782575	9.58185759	9.35136469	9.34623814	
3.211737	9.60550716	9.61676418	9.37861436	9.37241808	
3.223077	9.63525721	9.63421747	9.40836441	9.39859802	
3.232128	9.65853861	9.66912406	9.4316458	9.42477796	
3.242257	9.68400478	9.68657735	9.45711197	9.4509579	
3.252487	9.70913477	9.72148393	9.48224197	9.47713784	
3.26253	9.73323135	9.73893723	9.50633855	9.50331778	
3.272741	9.75714445	9.76511716	9.53025165	9.52949772	
3.282871	9.78028903	9.7912971	9.55339622	9.5644043	
3.293037	9.80292163	9.8087504	9.57602883	9.58185759	
3.303183	9.82492711	9.83493033	9.59803431	9.60803753	
3.313315	9.84633826	9.86111027	9.61944545	9.63421747	
3.324649	9.86953203	9.87856357	9.64263923	9.66039741	
3.333907	9.88802702	9.90474351	9.66113422	9.6778507	
3.343983	9.90757783	9.9221968	9.68068503	9.70403064	
3.354103	9.92663343	9.94837674	9.69974063	9.72148393	
3.364295	9.94524185	9.96583003	9.71834904	9.73893723	
3.374376	9.96309714	9.98328332	9.73620433	9.75639052	
3.384666	9.98071445	10.0007366	9.75382165	9.77384381	
3.394699	9.99733639	10.0181899	9.77044359	9.80002375	
3.404913	10.0136749	10.0356432	9.78678211	9.8087504	
3.415023	10.0292922	10.0530965	9.80239937	9.82620369	
3.426197	10.0458417	10.0705498	9.81894892	9.84365698	
3.435414	10.0590542	10.0880031	9.83216139	9.86111027	
3.445478	10.0729112	10.1054564	9.84601837	9.87856357	
3.455764	10.0864905	10.114183	9.85959768	9.89601686	
3.465751	10.0991411	10.1229097	9.8722483	9.90474351	
3.475919	10.1114535	10.1316363	9.88456074	9.9221968	
3.48625	10.1233862	10.140363	9.89649338	9.93092344	
3.504115	10.1419289	10.1490896	9.9150361	9.93965009	
3.508668	10.1467066	10.1578162	9.91981376	9.94837674	
3.518725	10.156581	10.1578162	9.92968819	9.95710338	
3.530336	10.1672385	10.1578162	9.94034566	9.96583003	
3.539183	10.1749981	10.1665429	9.94810532	9.96583003	
3.549277	10.1833007	10.1665429	9.95640787	9.97455668	
3.55942	10.1911124	10.1665429	9.96421963	9.97455668	
3.56955	10.1983917	10.1752695	9.97149886	9.97455668	
3.579741	10.2051934	10.1752695	9.97830063	9.98328332	
3.589964	10.2114876	10.1752695	9.98459479	9.98328332	
3.60008	10.2172197	10.1752695	9.99032691	9.98328332	
3.610226	10.2224686	10.1752695	9.99557584	9.97455668	
3.620413	10.2272425	10.1752695	10.0003497	9.97455668	
3.632004	10.2320244	10.1839962	10.0051316	9.97455668	
3.64073	10.2353146	10.1839962	10.0084218	9.97455668	
3.650869	10.238668	10.1839962	10.0117752	9.97455668	
3.661042	10.2415889	10.1927228	10.0146961	9.98328332	
3.671154	10.2440773	10.1927228	10.0171845	9.98328332	
3.681291	10.2461745	10.1927228	10.0192817	9.98328332	
3.691527	10.2479112	10.2014495	10.0210184	9.98328332	
3.701681	10.2530727	10.2014495	10.0261799	9.98328332	
3.71181	10.2530727	10.2014495	10.0261799	9.98328332	
3.721939	10.2530727	10.2101761	10.0261799	9.98328332	
3.733912	10.2530727	10.2101761	10.0261799	9.98328332	
3.742262	10.2530727	10.2101761	10.0261799	9.98328332	
3.752409	10.2530727	10.2101761	10.0261799	9.98328332	
3.762555	10.2530727	10.2101761	10.0261799	9.98328332	
3.772711	10.2530727	10.2101761	10.0261799	9.98328332	
3.782885	10.2530727	10.2101761	10.0261799	9.98328332	
3.793011	10.2530727	10.2101761	10.0261799	9.98328332	
3.803219	10.2530727	10.2101761	10.0261799	9.98328332	
3.813345	10.2530727	10.2101761	10.0261799	9.98328332	
3.823425	10.2530727	10.2101761	10.0261799	9.98328332	
3.835492	10.2530727	10.2101761	10.0261799	9.98328332	
3.843785	10.2530727	10.2101761	10.0261799	9.98328332	
3.854006	10.2530727	10.2101761	10.0261799	9.98328332	
3.864074	10.2530727	10.2101761	10.0261799	9.98328332	
3.874254	10.2530727	10.2101761	10.0261799	9.98328332	
3.884414	10.2530727	10.2101761	10.0261799	9.98328332	
3.894519	10.2530727	10.2101761	10.0261799	9.98328332	
3.904661	10.2530727	10.2101761	10.0261799	9.98328332	
3.914862	10.2530727	10.2101761	10.0261799	9.98328332	
3.925362	10.2530727	10.2101761	10.0261799	9.98328332	
3.936515	10.2530727	10.2101761	10.0261799	9.98328332	
3.945308	10.2530727	10.2101761	10.0261799	9.98328332	
3.955459	10.2530727	10.2101761	10.0261799	9.98328332	
3.965556	10.2530727	10.2101761	10.0261799	9.98328332	
3.975724	10.2530727	10.2101761	10.0261799	9.98328332	
3.98585	10.2530727	10.2101761	10.0261799	9.98328332	
4.00606	10.2530727	10.2101761	10.0261799	9.98328332	
4.010598	10.2530727	10.2101761	10.0261799	9.98328332	
4.020766	10.2530727	10.2101761	10.0261799	9.98328332	
4.030907	10.2530727	10.2101761	10.0261799	9.98328332	
4.041107	10.2530727	10.2101761	10.0261799	9.98328332	
4.051292	10.2530727	10.2101761	10.0261799	9.98328332	
4.061409	10.2530727	10.2101761	10.0261799	9.98328332	
4.071865	10.2530727	10.2101761	10.0261799	9.98328332	
4.081685	10.2530727	10.2101761	10.0261799	9.98328332	
4.091905	10.2530727	10.2101761	10.0261799	9.98328332	
4.102116	10.2530727	10.2101761	10.0261799	9.98328332	
4.112223	10.2530727	10.2101761	10.0261799	9.98328332	
4.1224	10.2530727	10.2101761	10.0261799	9.98328332	
4.132598	10.2530727	10.2101761	10.0261799	9.98328332	
4.142963	10.2530727	10.2101761	10.0261799	9.98328332	
4.152918	10.2530727	10.2101761	10.0261799	9.98328332	
4.16302	10.2530727	10.2101761	10.0261799	9.98328332	
4.173153	10.2530727	10.2101761	10.0261799	9.98328332	
4.183292	10.2530727	10.2101761	10.0261799	9.98328332	
4.19351	10.2530727	10.2101761	10.0261799	9.98328332	
4.203651	10.2530727	10.2101761	10.0261799	9.98328332	
4.213826	10.2530727	10.2101761	10.0261799	9.98328332	
4.22399	10.2530727	10.2101761	10.0261799	9.98328332	
4.234251	10.2530727	10.2101761	10.0261799	9.98328332	
4.244649	10.2530727	10.2101761	10.0261799	9.98328332	
4.254838	10.2530727	10.2101761	10.0261799	9.98328332	
4.265157	10.2530727	10.2101761	10.0261799	9.98328332	
4.27527	10.2530727	10.2101761	10.0261799	9.98328332	
4.285587	10.2530727	10.2101761	10.0261799	9.98328332	
4.295544	10.2530727	10.2101761	10.0261799	9.98328332	
4.305682	10.2530727	10.2101761	10.0261799	9.98328332	
4.315872	10.2530727	10.2101761	10.0261799	9.98328332	
4.326062	10.2530727	10.2101761	10.0261799	9.98328332	
4.336338	10.2530727	10.2101761	10.0261799	9.98328332	
4.346395	10.2530727	10.2101761	10.0261799	9.98328332	
4.357057	10.2530727	10.2101761	10.0261799	9.98328332	
4.366627	10.2530727	10.2101761	10.0261799	9.98328332	
4.376728	10.2530727	10.2101761	10.0261799	9.98328332	
4.387136	10.2530727	10.2101761	10.0261799	9.98328332	
4.397061	10.2530727	10.2101761	10.0261799	9.98328332	
4.407206	10.2530727	10.2101761	10.0261799	9.98328332	
4.417308	10.2530727	10.2101761	10.0261799	9.98328332	
4.427729	10.2530727	10.2101761	10.0261799	9.98328332	
4.438136	10.2530727	10.2101761	10.0261799	9.98328332	
4.448184	10.2530727	10.2101761	10.0261799	9.98328332	
4.458172	10.2530727	10.2101761	10.0261799	9.98328332	
4.468321	10.2530727	10.2101761	10.0261799	9.98328332	
4.478442	10.2530727	10.2101761	10.0261799	9.98328332	
4.48862	10.2530727	10.2101761	10.0261799	9.98328332	
4.498784	10.2530727	10.2101761	10.0261799	9.98328332	
4.508987	10.2530727	10.2101761	10.0261799	9.98328332	
4.5191	10.2530727	10.2101761	10.0261799	9.98328332	
4.529224	10.2530727	10.2101761	10.0261799	9.98328332	
4.539594	10.2530727	10.2101761	10.0261799	9.98328332	
4.549642	10.2530727	10.2101761	10.0261799	9.98328332	
4.559763	10.2530727	10.2101761	10.0261799	9.98328332	
4.570205	10.2530727	10.2101761	10.0261799	9.98328332	
4.580062	10.2530727	10.2101761	10.0261799	9.98328332	
4.590279	10.2530727	10.2101761	10.0261799	9.98328332	
4.600412	10.2530727	10.2101761	10.0261799	9.98328332	
4.610574	10.2530727	10.2101761	10.0261799	9.98328332	
4.620777	10.2530727	10.2101761	10.0261799	9.98328332	
4.630844	10.2530727	10.2101761	10.0261799	9.98328332	
4.641042	10.2530727	10.2101761	10.0261799	9.98328332	
4.651285	10.2530727	10.2101761	10.0261799	9.98328332	
4.661393	10.2530727	10.2101761	10.0261799	9.98328332	
4.671484	10.2530727	10.2101761	10.0261799	9.98328332	
4.681677	10.2530727	10.2101761	10.0261799	9.98328332	
4.691841	10.2530727	10.2101761	10.0261799	9.98328332	
4.702094	10.2530727	10.2101761	10.0261799	9.98328332	
4.712166	10.2530727	10.2101761	10.0261799	9.98328332	
4.722312	10.2530727	10.2101761	10.0261799	9.98328332	
4.732546	10.2530727	10.2101761	10.0261799	9.98328332	
4.742644	10.2530727	10.2101761	10.0261799	9.98328332	
4.752871	10.2530727	10.2101761	10.0261799	9.98328332	
4.762984	10.2530727	10.2101761	10.0261799	9.98328332	
4.77324	10.2530727	10.2101761	10.0261799	9.98328332	
4.783292	10.2530727	10.2189028	10.0261799	9.99200997	
4.793469	10.2530727	10.2189028	10.0261799	10.0007366	
4.803671	10.2530727	10.2276294	10.0261799	10.0094633	
4.813858	10.2530727	10.2276294	10.0261799	10.0181899	
4.823991	10.2530727	10.2363561	10.0261799	10.0181899	
4.834125	10.2530727	10.2450827	10.0261799	10.0269166	
4.844304	10.2530727	10.2538094	10.0261799	10.0269166	
4.854499	10.2530727	10.2538094	10.0261799	10.0269166	
4.866605	10.2530727	10.2538094	10.0261799	10.0269166	
4.876741	10.2530727	10.2538094	10.0261799	10.0269166	
4.886793	10.2530727	10.2538094	10.0261799	10.0181899	
4.897117	10.2530727	10.2450827	10.0261799	10.0181899	
4.90711	10.2530727	10.2450827	10.0261799	10.0181899	
4.917234	10.2530727	10.2450827	10.0261799	10.0181899	
4.927405	10.2530727	10.2450827	10.0261799	10.0181899	
4.937507	10.2530727	10.2450827	10.0261799	10.0181899	
4.956033	10.2530727	10.2450827	10.0261799	10.0181899	
4.960552	10.2530727	10.2450827	10.0261799	10.0181899	
4.970694	10.2530727	10.2450827	10.0261799	10.0181899	
4.980904	10.2530727	10.2450827	10.0261799	10.0269166	
4.991007	10.2530727	10.2450827	10.0261799	10.0269166	
5.001202	10.2530727	10.2450827	10.0261799	10.0181899	
5.011343	10.2530727	10.2450827	10.0261799	10.0181899	
5.021449	10.2530727	10.2450827	10.0261799	10.0181899	
5.031586	10.2530727	10.2450827	10.0261799	10.0181899	
5.041767	10.2530727	10.2450827	10.0261799	10.0181899	
5.051944	10.2530727	10.2450827	10.0261799	10.0181899	
5.06218	10.2530727	10.2450827	10.0261799	10.0181899	
5.072248	10.2530727	10.2450827	10.0261799	10.0181899	
5.082378	10.2530727	10.2450827	10.0261799	10.0181899	
5.092608	10.2530727	10.2450827	10.0261799	10.0181899	
5.102742	10.2530727	10.2450827	10.0261799	10.0181899	
5.112861	10.2530727	10.2450827	10.0261799	10.0181899	
5.123044	10.2530727	10.2450827	10.0261799	10.0181899	
5.133191	10.2530727	10.2450827	10.0261799	10.0181899	
5.143331	10.2530727	10.2450827	10.0261799	10.0181899	
5.153486	10.2530727	10.2450827	10.0261799	10.0181899	
5.163627	10.2530727	10.2450827	10.0261799	10.0181899	
5.173785	10.2530727	10.2450827	10.0261799	10.0181899	
5.183936	10.2530727	10.2450827	10.0261799	10.0181899	
5.194109	10.2530727	10.2450827	10.0261799	10.0181899	
5.204241	10.2530727	10.2450827	10.0261799	10.0181899	
5.21438	10.2530727	10.2450827	10.0261799	10.0181899	
5.22454	10.2530727	10.2450827	10.0261799	10.0181899	
5.234658	10.2530727	10.2450827	10.0261799	10.0181899	
5.24492	10.2530727	10.2450827	10.0261799	10.0181899	
5.25497	10.2530727	10.2450827	10.0261799	10.0181899	
5.265145	10.2530727	10.2450827	10.0261799	10.0181899	
5.275329	10.2530727	10.2450827	10.0261799	10.0181899	
5.285393	10.2530727	10.2450827	10.0261799	10.0181899	
5.295549	10.2530727	10.2450827	10.0261799	10.0181899	
5.305687	10.2530727	10.2450827	10.0261799	10.0181899	
5.315861	10.2530727	10.2450827	10.0261799	10.0181899	
5.32604	10.2530727	10.2450827	10.0261799	10.0181899	
5.336204	10.2530727	10.2450827	10.0261799	10.0181899	
5.346364	10.2530727	10.2450827	10.0261799	10.0181899	
5.356466	10.2530727	10.2450827	10.0261799	10.0181899	
5.366632	10.2530727	10.2450827	10.0261799	10.0181899	
5.376785	10.2530727	10.2450827	10.0261799	10.0181899	
5.386928	10.2530727	10.2450827	10.0261799	10.0181899	
5.397103	10.2530727	10.2450827	10.0261799	10.0181899	
5.407219	10.2530727	10.2450827	10.0261799	10.0181899	
5.417324	10.2530727	10.2450827	10.0261799	10.0181899	
5.427505	10.2530727	10.2450827	10.0261799	10.0181899	
5.437649	10.2530727	10.2450827	10.0261799	10.0181899	
5.44822	10.2530727	10.2450827	10.0261799	10.0181899	
5.45802	10.2530727	10.2450827	10.0261799	10.0181899	
5.46812	10.2530727	10.2450827	10.0261799	10.0181899	
5.478321	10.2530727	10.2450827	10.0261799	10.0181899	
5.488435	10.2530727	10.2450827	10.0261799	10.0181899	
5.498602	10.2530727	10.2450827	10.0261799	10.0181899	
5.508848	10.2530727	10.2450827	10.0261799	10.0181899	
5.518919	10.2530727	10.2450827	10.0261799	10.0181899	
5.529067	10.2530727	10.2450827	10.0261799	10.0181899	
5.539264	10.2530727	10.2450827	10.0261799	10.0181899	
5.549438	10.2530727	10.2450827	10.0261799	10.0181899	
5.559571	10.2530727	10.2450827	10.0261799	10.0181899	
5.569703	10.2530727	10.2450827	10.0261799	10.0181899	
5.579888	10.2530727	10.2450827	10.0261799	10.0181899	
5.590083	10.2530727	10.2450827	10.0261799	10.0181899	
5.60018	10.2530727	10.2450827	10.0261799	10.0181899	
5.610344	10.2530727	10.2450827	10.0261799	10.0181899	
5.620525	10.2530727	10.2450827	10.0261799	10.0181899	
5.630659	10.2530727	10.2450827	10.0261799	10.0181899	
5.640817	10.2530727	10.2450827	10.0261799	10.0181899	
5.650975	10.2530727	10.2450827	10.0261799	10.0181899	
5.66115	10.2530727	10.2450827	10.0261799	10.0181899	
5.671257	10.2530727	10.2450827	10.0261799	10.0181899	
5.681489	10.2530727	10.2450827	10.0261799	10.0181899	
5.691636	10.2530727	10.2450827	10.0261799	10.0181899	
5.701723	10.2530727	10.2450827	10.0261799	10.0181899	
5.711914	10.2530727	10.2450827	10.0261799	10.0181899	
5.722053	10.2530727	10.2450827	10.0261799	10.0181899	
5.732224	10.2530727	10.2450827	10.0261799	10.0181899	
5.742421	10.2530727	10.2450827	10.0261799	10.0181899	
5.752546	10.2530727	10.2450827	10.0261799	10.0181899	
5.762697	10.2530727	10.2450827	10.0261799	10.0181899	
5.772898	10.2530727	10.2450827	10.0261799	10.0181899	
5.783013	10.2530727	10.2450827	10.0261799	10.0181899	
5.793205	10.2530727	10.2450827	10.0261799	10.0181899	
5.803394	10.2530727	10.2450827	10.0261799	10.0181899	
5.81358	10.2530727	10.2450827	10.0261799	10.0181899	
5.823757	10.2530727	10.2450827	10.0261799	10.0181899	
5.834109	10.2530727	10.2450827	10.0261799	10.0181899	
5.844036	10.2530727	10.2450827	10.0261799	10.0181899	
5.854245	10.2530727	10.2450827	10.0261799	10.0181899	
5.864332	10.2530727	10.2450827	10.0261799	10.0181899	
5.874453	10.2530727	10.2450827	10.0261799	10.0181899	
5.884609	10.2530727	10.2450827	10.0261799	10.0181899	
5.894955	10.2530727	10.2450827	10.0261799	10.0181899	
5.905103	10.2530727	10.2450827	10.0261799	10.0181899	
5.915206	10.2530727	10.2450827	10.0261799	10.0181899	
5.925342	10.2530727	10.2450827	10.0261799	10.0181899	
5.935495	10.2530727	10.2450827	10.0261799	10.0181899	
5.945622	10.2530727	10.2450827	10.0261799	10.0181899	
5.955791	10.2530727	10.2450827	10.0261799	10.0181899	
5.96591	10.2530727	10.2450827	10.0261799	10.0181899	
5.97606	10.2530727	10.2450827	10.0261799	10.0181899	
5.9863	10.2530727	10.2450827	10.0261799	10.0181899	
5.99675	10.2530727	10.2450827	10.0261799	10.0181899	
6.006566	10.2530727	10.2450827	10.0261799	10.0181899	
6.016657	10.2530727	10.2450827	10.0261799	10.0181899	
6.026786	10.2530727	10.2450827	10.0261799	10.0181899	
6.037009	10.2530727	10.2450827	10.0261799	10.0181899	
6.047115	10.2530727	10.2450827	10.0261799	10.0181899	
6.057245	10.2530727	10.2450827	10.0261799	10.0181899	
6.067429	10.2530727	10.2450827	10.0261799	10.0181899	
6.077552	10.2530727	10.2450827	10.0261799	10.0181899	
6.095552	10.2530727	10.2450827	10.0261799	10.0181899	
6.1003	10.2530727	10.2450827	10.0261799	10.0181899	
6.110283	10.2530727	10.2450827	10.0261799	10.0181899	
6.120365	10.2530727	10.2450827	10.0261799	10.0181899	
6.130527	10.2530727	10.2450827	10.0261799	10.0181899	
6.140757	10.2530727	10.2450827	10.0261799	10.0181899	
6.150845	10.2530727	10.2450827	10.0261799	10.0181899	
6.160954	10.2530727	10.2450827	10.0261799	10.0181899	
6.171101	10.2530727	10.2450827	10.0261799	10.0181899	
6.181291	10.2530727	10.2450827	10.0261799	10.0181899	
6.191433	10.2530727	10.2450827	10.0261799	10.0181899	
6.201568	10.2530727	10.2450827	10.0261799	10.0181899	
6.211771	10.2530727	10.2450827	10.0261799	10.0181899	
6.221915	10.2530727	10.2450827	10.0261799	10.0181899	
6.232058	10.2530727	10.2450827	10.0261799	10.0181899	
6.242238	10.2530727	10.2450827	10.0261799	10.0181899	
6.252344	10.2530727	10.2450827	10.0261799	10.0181899	
6.272325	10.2530727	10.2450827	10.0261799	10.0181899	
6.276907	10.2530727	10.2450827	10.0261799	10.0181899	
6.286964	10.2530727	10.2450827	10.0261799	10.0181899	
6.297112	10.2530727	10.2450827	10.0261799	10.0181899	
6.307478	10.2530727	10.2450827	10.0261799	10.0181899	
6.31745	10.2530727	10.2450827	10.0261799	10.0181899	
6.327556	10.2530727	10.2450827	10.0261799	10.0181899	
6.345573	10.2530727	10.2450827	10.0261799	10.0181899	
6.350067	10.2530727	10.2450827	10.0261799	10.0181899	
6.360217	10.2530727	10.2450827	10.0261799	10.0181899	
6.370386	10.2530727	10.2450827	10.0261799	10.0181899	
6.380518	10.2530727	10.2450827	10.0261799	10.0181899	
6.390725	10.2530727	10.2450827	10.0261799	10.0181899	
6.400859	10.2530727	10.2450827	10.0261799	10.0181899	
6.411055	10.2530727	10.2450827	10.0261799	10.0181899	
6.421197	10.2530727	10.2450827	10.0261799	10.0181899	
6.43134	10.2530727	10.2450827	10.0261799	10.0181899	
6.441494	10.2530727	10.2450827	10.0261799	10.0181899	
6.451659	10.2530727	10.2450827	10.0261799	10.0181899	
6.461849	10.2530727	10.2450827	10.0261799	10.0181899	
6.471961	10.2530727	10.2450827	10.0261799	10.0181899	
6.48211	10.2530727	10.2450827	10.0261799	10.0181899	
6.492285	10.2530727	10.2450827	10.0261799	10.0181899	
6.502426	10.2530727	10.2450827	10.0261799	10.0181899	
6.512624	10.2530727	10.2450827	10.0261799	10.0181899	
6.52281	10.2530727	10.2450827	10.0261799	10.0181899	
6.532994	10.2530727	10.2450827	10.0261799	10.0181899	
6.543103	10.2530727	10.2450827	10.0261799	10.0181899	
6.553264	10.2530727	10.2450827	10.0261799	10.0181899	
6.5634	10.2530727	10.2450827	10.0261799	10.0181899	
6.573983	10.2530727	10.2450827	10.0261799	10.0181899	
6.584132	10.2530727	10.2450827	10.0261799	10.0181899	
6.594289	10.2530727	10.2450827	10.0261799	10.0181899	
6.604446	10.2530727	10.2450827	10.0261799	10.0181899	
6.614531	10.2530727	10.2450827	10.0261799	10.0181899	
6.624739	10.2530727	10.2450827	10.0261799	10.0181899	
6.634925	10.2530727	10.2450827	10.0261799	10.0181899	
6.645078	10.2530727	10.2450827	10.0261799	10.0181899	
6.655182	10.2530727	10.2450827	10.0261799	10.0181899	
6.665293	10.2530727	10.2450827	10.0261799	10.0181899	
6.675491	10.2530727	10.2450827	10.0261799	10.0181899	
6.685609	10.2530727	10.2450827	10.0261799	10.0181899	
6.695752	10.2530727	10.2450827	10.0261799	10.0181899	
6.705911	10.2530727	10.2450827	10.0261799	10.0181899	
6.716059	10.2530727	10.2450827	10.0261799	10.0181899	
6.726669	10.2530727	10.2450827	10.0261799	10.0181899	
6.736379	10.2530727	10.2450827	10.0261799	10.0181899	
6.746576	10.2530727	10.2450827	10.0261799	10.0181899	
6.756694	10.2530727	10.2450827	10.0261799	10.0181899	
6.766792	10.2530727	10.2450827	10.0261799	10.0181899	
6.776957	10.2530727	10.2450827	10.0261799	10.0181899	
6.787078	10.2530727	10.2450827	10.0261799	10.0181899	
6.797262	10.2530727	10.2450827	10.0261799	10.0181899	
6.807366	10.2530727	10.2450827	10.0261799	10.0181899	
6.817552	10.2530727	10.2450827	10.0261799	10.0181899	
6.827766	10.2530727	10.2450827	10.0261799	10.0181899	
6.837839	10.2530727	10.2450827	10.0261799	10.0181899	
6.848021	10.2530727	10.2450827	10.0261799	10.0181899	
6.858172	10.2530727	10.2450827	10.0261799	10.0181899	
6.868341	10.2530727	10.2450827	10.0261799	10.0181899	
6.878511	10.2530727	10.2450827	10.0261799	10.0181899	
6.888659	10.2530727	10.2450827	10.0261799	10.0181899	
6.898823	10.2530727	10.2450827	10.0261799	10.0181899	
6.909029	10.2530727	10.2450827	10.0261799	10.0181899	
6.919103	10.2530727	10.2450827	10.0261799	10.0181899	
6.92928	10.2530727	10.2450827	10.0261799	10.0181899	
6.93951	10.2530727	10.2450827	10.0261799	10.0181899	
6.949652	10.2530727	10.2450827	10.0261799	10.0181899	
6.9598	10.2530727	10.2450827	10.0261799	10.0181899	
6.969959	10.2530727	10.2450827	10.0261799	10.0181899	
6.980139	10.2530727	10.2450827	10.0261799	10.0181899	
6.990344	10.2530727	10.2450827	10.0261799	10.0181899	
7.002443	10.2530727	10.2450827	10.0261799	10.0181899	
7.010547	10.2530727	10.2450827	10.0261799	10.0181899	
7.020714	10.2530727	10.2450827	10.0261799	10.0181899	
7.030806	10.2530727	10.2450827	10.0261799	10.0181899	
7.04104	10.2530727	10.2450827	10.0261799	10.0181899	
7.051162	10.2530727	10.2450827	10.0261799	10.0181899	
7.06135	10.2530727	10.2450827	10.0261799	10.0181899	
7.071474	10.2530727	10.2450827	10.0261799	10.0181899	
7.081595	10.2530727	10.2450827	10.0261799	10.0181899	
7.091806	10.2530727	10.2450827	10.0261799	10.0181899	
7.101955	10.2530727	10.2450827	10.0261799	10.0181899	
7.112116	10.2530727	10.2450827	10.0261799	10.0181899	
7.122275	10.2530727	10.2450827	10.0261799	10.0181899	
7.13239	10.2530727	10.2450827	10.0261799	10.0181899	
7.142598	10.2530727	10.2450827	10.0261799	10.0181899	
7.152727	10.2530727	10.2450827	10.0261799	10.0181899	
7.162833	10.2530727	10.2450827	10.0261799	10.0181899	
7.17301	10.2530727	10.2450827	10.0261799	10.0181899	
7.183152	10.2530727	10.2450827	10.0261799	10.0181899	
7.193294	10.2530727	10.2450827	10.0261799	10.0181899	
7.203461	10.2530727	10.2450827	10.0261799	10.0181899	
7.213603	10.2530727	10.2450827	10.0261799	10.0181899	
7.223762	10.2530727	10.2450827	10.0261799	10.0181899	
7.233896	10.2530727	10.2450827	10.0261799	10.0181899	
7.244048	10.2530727	10.2450827	10.0261799	10.0181899	
7.25426	10.2530727	10.2450827	10.0261799	10.0181899	
7.264361	10.2530727	10.2450827	10.0261799	10.0181899	
7.274479	10.2530727	10.2450827	10.0261799	10.0181899	
7.284661	10.2530727	10.2450827	10.0261799	10.0181899	
7.294772	10.2530727	10.2450827	10.0261799	10.0181899	
7.30497	10.2530727	10.2450827	10.0261799	10.0181899	
7.315149	10.2530727	10.2450827	10.0261799	10.0181899	
7.325283	10.2530727	10.2450827	10.0261799	10.0181899	
7.335424	10.2530727	10.2450827	10.0261799	10.0181899	
7.345559	10.2530727	10.2450827	10.0261799	10.0181899	
7.355789	10.2530727	10.2450827	10.0261799	10.0181899	
7.365892	10.2530727	10.2450827	10.0261799	10.0181899	
7.37603	10.2530727	10.2450827	10.0261799	10.0181899	
7.386228	10.2530727	10.2450827	10.0261799	10.0181899	
7.396881	10.2530727	10.2450827	10.0261799	10.0181899	
7.406556	10.2530727	10.2450827	10.0261799	10.0181899	
7.416586	10.2530727	10.2450827	10.0261799	10.0181899	
7.426745	10.2530727	10.2450827	10.0261799	10.0181899	
7.436948	10.2530727	10.2450827	10.0261799	10.0181899	
7.447083	10.2530727	10.2450827	10.0261799	10.0181899	
7.457344	10.2530727	10.2450827	10.0261799	10.0181899	
7.467349	10.2530727	10.2450827	10.0261799	10.0181899	
7.477512	10.2530727	10.2450827	10.0261799	10.0181899	
7.487709	10.2530727	10.2450827	10.0261799	10.0181899	
7.49784	10.2530727	10.2450827	10.0261799	10.0181899	
7.508028	10.2530727	10.2450827	10.0261799	10.0181899	
7.518178	10.2530727	10.2450827	10.0261799	10.0181899	
7.528338	10.2530727	10.2450827	10.0261799	10.0181899	
7.538482	10.2530727	10.2450827	10.0261799	10.0181899	
7.548649	10.2530727	10.2450827	10.0261799	10.0181899	
7.558807	10.2530727	10.2450827	10.0261799	10.0181899	
7.568974	10.2530727	10.2450827	10.0261799	10.0181899	
7.579141	10.2530727	10.2450827	10.0261799	10.0181899	
7.589307	10.2530727	10.2450827	10.0261799	10.0181899	
7.599436	10.2530727	10.2450827	10.0261799	10.0181899	
7.609609	10.2530727	10.2450827	10.0261799	10.0181899	
7.619801	10.2530727	10.2450827	10.0261799	10.0181899	
7.629929	10.2530727	10.2450827	10.0261799	10.0181899	
7.640062	10.2530727	10.2450827	10.0261799	10.0181899	
7.650227	10.2530727	10.2450827	10.0261799	10.0181899	
7.660416	10.2530727	10.2450827	10.0261799	10.0181899	
7.670581	10.2530727	10.2450827	10.0261799	10.0181899	
7.680755	10.2530727	10.2450827	10.0261799	10.0181899	
7.690903	10.2530727	10.2450827	10.0261799	10.0181899	
7.701104	10.2530727	10.2450827	10.0261799	10.0181899	
7.711192	10.2530727	10.2450827	10.0261799	10.0181899	
7.721347	10.2530727	10.2450827	10.0261799	10.0181899	
7.731586	10.2530727	10.2450827	10.0261799	10.0181899	
7.74168	10.2530727	10.2450827	10.0261799	10.0181899	
7.751852	10.2530727	10.2450827	10.0261799	10.0181899	
7.761952	10.2530727	10.2450827	10.0261799	10.0181899	
7.772162	10.2530727	10.2450827	10.0261799	10.0181899	
7.782366	10.2530727	10.2450827	10.0261799	10.0181899	
7.792437	10.2530727	10.2450827	10.0261799	10.0181899	
7.802587	10.2530727	10.2450827	10.0261799	10.0181899	
7.812781	10.2530727	10.2450827	10.0261799	10.0181899	
7.822921	10.2530727	10.2450827	10.0261799	10.0181899	
7.833062	10.2530727	10.2450827	10.0261799	10.0181899	
7.843197	10.2530727	10.2450827	10.0261799	10.0181899	
7.853374	10.2530727	10.2450827	10.0261799	10.0181899	
7.863578	10.2530727	10.2450827	10.0261799	10.0181899	
7.873769	10.2530727	10.2450827	10.0261799	10.0181899	
7.883915	10.2530727	10.2450827	10.0261799	10.0181899	
7.894056	10.2530727	10.2450827	10.0261799	10.0181899	
7.904202	10.2530727	10.2450827	10.0261799	10.0181899	
7.914388	10.2530727	10.2450827	10.0261799	10.0181899	
7.924456	10.2530727	10.2450827	10.0261799	10.0181899	
7.934632	10.2530727	10.2450827	10.0261799	10.0181899	
7.944764	10.2530727	10.2450827	10.0261799	10.0181899	
7.954929	10.2530727	10.2450827	10.0261799	10.0181899	
7.96512	10.2530727	10.2450827	10.0261799	10.0181899	
7.97523	10.2530727	10.2450827	10.0261799	10.0181899	
7.985369	10.2530727	10.2450827	10.0261799	10.0181899	
7.995531	10.2530727	10.2450827	10.0261799	10.0181899	
8.015633	10.2530727	10.2450827	10.0261799	10.0181899	
8.020119	10.2530727	10.2450827	10.0261799	10.0181899	
8.030296	10.2530727	10.2450827	10.0261799	10.0181899	
8.040436	10.2530727	10.2450827	10.0261799	10.0181899	
8.050598	10.2530727	10.2450827	10.0261799	10.0181899	
8.060767	10.2530727	10.2450827	10.0261799	10.0181899	
8.070909	10.2530727	10.2450827	10.0261799	10.0181899	
8.081061	10.2530727	10.2450827	10.0261799	10.0181899	
8.09125	10.2530727	10.2450827	10.0261799	10.0181899	
8.101389	10.2530727	10.2450827	10.0261799	10.0181899	
8.111543	10.2530727	10.2450827	10.0261799	10.0181899	
8.121689	10.2530727	10.2450827	10.0261799	10.0181899	
8.131891	10.2530727	10.2450827	10.0261799	10.0181899	
8.142013	10.2530727	10.2450827	10.0261799	10.0181899	
8.152157	10.2530727	10.2450827	10.0261799	10.0181899	
8.16228	10.2530727	10.2450827	10.0261799	10.0181899	
8.172421	10.2530727	10.2450827	10.0261799	10.0181899	
8.182642	10.2530727	10.2450827	10.0261799	10.0181899	
8.19282	10.2530727	10.2450827	10.0261799	10.0181899	
8.20295	10.2530727	10.2450827	10.0261799	10.0181899	
8.213156	10.2530727	10.2450827	10.0261799	10.0181899	
8.223257	10.2530727	10.2450827	10.0261799	10.0181899	
8.233403	10.2530727	10.2450827	10.0261799	10.0181899	
8.243633	10.2530727	10.2450827	10.0261799	10.0181899	
8.253668	10.2530727	10.2450827	10.0261799	10.0181899	
8.264212	10.2530727	10.2450827	10.0261799	10.0181899	
8.274315	10.2530727	10.2450827	10.0261799	10.0181899	
8.28447	10.2530727	10.2450827	10.0261799	10.0181899	
8.302619	10.2530727	10.2450827	10.0261799	10.0181899	
8.307113	10.2530727	10.2450827	10.0261799	10.0181899	
8.31734	10.2530727	10.2450827	10.0261799	10.0181899	
8.327426	10.2530727	10.2450827	10.0261799	10.0181899	
8.337575	10.2530727	10.2450827	10.0261799	10.0181899	
8.355651	10.2530727	10.2450827	10.0261799	10.0181899	
8.360153	10.2530727	10.2450827	10.0261799	10.0181899	
8.370306	10.2530727	10.2450827	10.0261799	10.0181899	
8.380491	10.2530727	10.2450827	10.0261799	10.0181899	
8.390654	10.2530727	10.2450827	10.0261799	10.0181899	
8.400841	10.2530727	10.2450827	10.0261799	10.0181899	
8.410979	10.2530727	10.2450827	10.0261799	10.0181899	
8.421146	10.2530727	10.2450827	10.0261799	10.0181899	
8.431294	10.2530727	10.2450827	10.0261799	10.0181899	
8.441404	10.2530727	10.2450827	10.0261799	10.0181899	
8.451669	10.2530727	10.2450827	10.0261799	10.0181899	
8.461912	10.2530727	10.2450827	10.0261799	10.0181899	
8.472039	10.2530727	10.2450827	10.0261799	10.0181899	
8.482179	10.2530727	10.2450827	10.0261799	10.0181899	
8.492356	10.2530727	10.2450827	10.0261799	10.0181899	
8.502779	10.2530727	10.2450827	10.0261799	10.0181899	
8.512683	10.2530727	10.2450827	10.0261799	10.0181899	
8.522821	10.2530727	10.2450827	10.0261799	10.0181899	
8.533066	10.2530727	10.2450827	10.0261799	10.0181899	
8.543106	10.2530727	10.2450827	10.0261799	10.0181899	
8.553319	10.2530727	10.2450827	10.0261799	10.0181899	
8.563448	10.2530727	10.2450827	10.0261799	10.0181899	
8.573613	10.2530727	10.2450827	10.0261799	10.0181899	
8.583761	10.2530727	10.2450827	10.0261799	10.0181899	
8.594178	10.2530727	10.2450827	10.0261799	10.0181899	
8.604228	10.2530727	10.2450827	10.0261799	10.0181899	
8.614235	10.2530727	10.2450827	10.0261799	10.0181899	
8.624378	10.2530727	10.2450827	10.0261799	10.0181899	
8.634498	10.2530727	10.2450827	10.0261799	10.0181899	
8.644674	10.2530727	10.2450827	10.0261799	10.0181899	
8.654774	10.2530727	10.2450827	10.0261799	10.0181899	
8.664961	10.2530727	10.2450827	10.0261799	10.0181899	
8.675125	10.2530727	10.2450827	10.0261799	10.0181899	
8.685261	10.2530727	10.2450827	10.0261799	10.0181899	
8.695392	10.2530727	10.2450827	10.0261799	10.0181899	
8.705534	10.2530727	10.2450827	10.0261799	10.0181899	
8.715741	10.2530727	10.2450827	10.0261799	10.0181899	
8.72584	10.2530727	10.2450827	10.0261799	10.0181899	
8.735986	10.2530727	10.2450827	10.0261799	10.0181899	
8.746185	10.2530727	10.2450827	10.0261799	10.0181899	
8.764547	10.2530727	10.2450827	10.0261799	10.0181899	
8.769067	10.2530727	10.2450827	10.0261799	10.0181899	
8.779206	10.2530727	10.2450827	10.0261799	10.0181899	
8.78942	10.2530727	10.2450827	10.0261799	10.0181899	
8.799491	10.2530727	10.2450827	10.0261799	10.0181899	
8.809672	10.2530727	10.2450827	10.0261799	10.0181899	
8.819918	10.2530727	10.2450827	10.0261799	10.0181899	
8.830027	10.2530727	10.2450827	10.0261799	10.0181899	
8.840166	10.2530727	10.2450827	10.0261799	10.0181899	
8.850318	10.2530727	10.2450827	10.0261799	10.0181899	
8.882821	10.2530727	10.2450827	10.0261799	10.0181899	
8.892973	10.2530727	10.2450827	10.0261799	10.0181899	
8.903077	10.2530727	10.2450827	10.0261799	10.0181899	
8.913213	10.2530727	10.2450827	10.0261799	10.0181899	
8.923354	10.2530727	10.2450827	10.0261799	10.0181899	
8.933539	10.2530727	10.2450827	10.0261799	10.0181899	
8.943677	10.2530727	10.2450827	10.0261799	10.0181899	
8.953852	10.2530727	10.2450827	10.0261799	10.0181899	
8.963995	10.2530727	10.2450827	10.0261799	10.0181899	
8.974142	10.2530727	10.2450827	10.0261799	10.0181899	
8.984295	10.2530727	10.2450827	10.0261799	10.0181899	
8.994463	10.2530727	10.2450827	10.0261799	10.0181899	
9.006658	10.2530727	10.2450827	10.0261799	10.0181899	
9.014781	10.2530727	10.2450827	10.0261799	10.0181899	
9.024991	10.2530727	10.2450827	10.0261799	10.0181899	
9.03498	10.2530727	10.2450827	10.0261799	10.0181899	
9.045209	10.2530727	10.2450827	10.0261799	10.0181899	
9.055304	10.2530727	10.2450827	10.0261799	10.0181899	
9.065442	10.2530727	10.2450827	10.0261799	10.0181899	
9.075625	10.2530727	10.2450827	10.0261799	10.0181899	
9.085741	10.2530727	10.2450827	10.0261799	10.0181899	
9.095899	10.2530727	10.2450827	10.0261799	10.0181899	
9.106037	10.2530727	10.2450827	10.0261799	10.0181899	
9.116253	10.2530727	10.2450827	10.0261799	10.0181899	
9.126444	10.2530727	10.2450827	10.0261799	10.0181899	
9.136547	10.2530727	10.2450827	10.0261799	10.0181899	
9.146655	10.2530727	10.2450827	10.0261799	10.0181899	
9.156755	10.2530727	10.2450827	10.0261799	10.0181899	
9.166894	10.2530727	10.2450827	10.0261799	10.0181899	
9.177061	10.2530727	10.2450827	10.0261799	10.0181899	
9.187203	10.2530727	10.2450827	10.0261799	10.0181899	
9.197417	10.2530727	10.2450827	10.0261799	10.0181899	
9.207502	10.2530727	10.2450827	10.0261799	10.0181899	
9.217722	10.2530727	10.2450827	10.0261799	10.0181899	
9.227881	10.2530727	10.2450827	10.0261799	10.0181899	
9.238046	10.2530727	10.2450827	10.0261799	10.0181899	
9.24819	10.2530727	10.2450827	10.0261799	10.0181899	
9.258352	10.2530727	10.2450827	10.0261799	10.0181899	
9.268594	10.2530727	10.2450827	10.0261799	10.0181899	
9.278693	10.2530727	10.2450827	10.0261799	10.0181899	
9.288842	10.2530727	10.2450827	10.0261799	10.0181899	
9.298981	10.2530727	10.2450827	10.0261799	10.0181899	
9.309208	10.2530727	10.2450827	10.0261799	10.0181899	
9.319346	10.2530727	10.2450827	10.0261799	10.0181899	
9.329484	10.2530727	10.2450827	10.0261799	10.0181899	
9.339743	10.2530727	10.2450827	10.0261799	10.0181899	
9.349823	10.2530727	10.2450827	10.0261799	10.0181899	
9.360352	10.2530727	10.2450827	10.0261799	10.0181899	
9.370538	10.2530727	10.2450827	10.0261799	10.0181899	
9.380666	10.2530727	10.2450827	10.0261799	10.0181899	
9.390819	10.2530727	10.2450827	10.0261799	10.0181899	
9.400961	10.2530727	10.2450827	10.0261799	10.0181899	
9.411118	10.2530727	10.2450827	10.0261799	10.0181899	
9.421302	10.2530727	10.2450827	10.0261799	10.0181899	
9.431425	10.2530727	10.2450827	10.0261799	10.0181899	
9.441609	10.2530727	10.2450827	10.0261799	10.0181899	
9.451778	10.2530727	10.2450827	10.0261799	10.0181899	
9.462054	10.2530727	10.2450827	10.0261799	10.0181899	
9.472185	10.2530727	10.2450827	10.0261799	10.0181899	
9.482327	10.2530727	10.2450827	10.0261799	10.0181899	
9.492511	10.2530727	10.2450827	10.0261799	10.0181899	
9.502715	10.2530727	10.2450827	10.0261799	10.0181899	
9.512825	10.2530727	10.2450827	10.0261799	10.0181899	
9.523019	10.2530727	10.2450827	10.0261799	10.0181899	
9.533217	10.2530727	10.2450827	10.0261799	10.0181899	
9.543475	10.2530727	10.2450827	10.0261799	10.0181899	
9.553634	10.2530727	10.2450827	10.0261799	10.0181899	
9.563831	10.2530727	10.2450827	10.0261799	10.0181899	
9.573931	10.2530727	10.2450827	10.0261799	10.0181899	
9.584077	10.2530727	10.2450827	10.0261799	10.0181899	
9.594239	10.2530727	10.2450827	10.0261799	10.0181899	
9.60439	10.2530727	10.2450827	10.0261799	10.0181899	
9.614601	10.2530727	10.2450827	10.0261799	10.0181899	
9.624674	10.2530727	10.2450827	10.0261799	10.0181899	
9.63487	10.2530727	10.2450827	10.0261799	10.0181899	
9.64508	10.2530727	10.2450827	10.0261799	10.0181899	
9.655161	10.2530727	10.2450827	10.0261799	10.0181899	
9.665272	10.2530727	10.2450827	10.0261799	10.0181899	
9.675401	10.2530727	10.2450827	10.0261799	10.0181899	
9.685559	10.2530727	10.2450827	10.0261799	10.0181899	
9.69571	10.2530727	10.2450827	10.0261799	10.0181899	
9.705873	10.2530727	10.2450827	10.0261799	10.0181899	
9.716051	10.2530727	10.2450827	10.0261799	10.0181899	
9.726233	10.2530727	10.2450827	10.0261799	10.0181899	
9.736378	10.2530727	10.2450827	10.0261799	10.0181899	
9.746478	10.2530727	10.2450827	10.0261799	10.0181899	
9.756638	10.2530727	10.2450827	10.0261799	10.0181899	
9.766803	10.2530727	10.2450827	10.0261799	10.0181899	
9.777027	10.2530727	10.2450827	10.0261799	10.0181899	
9.787161	10.2530727	10.2450827	10.0261799	10.0181899	
9.797329	10.2530727	10.2450827	10.0261799	10.0181899	
9.807466	10.2530727	10.2450827	10.0261799	10.0181899	
9.817859	10.2530727	10.2450827	10.0261799	10.0181899	
9.828031	10.2530727	10.2450827	10.0261799	10.0181899	
9.838164	10.2530727	10.2450827	10.0261799	10.0181899	
9.848317	10.2530727	10.2450827	10.0261799	10.0181899	
9.859122	10.2530727	10.2450827	10.0261799	10.0181899	
9.878374	10.2530727	10.2450827	10.0261799	10.0181899	
9.882869	10.2530727	10.2450827	10.0261799	10.0181899	
9.893059	10.2530727	10.2450827	10.0261799	10.0181899	
9.903173	10.2530727	10.2450827	10.0261799	10.0181899	
9.913365	10.2530727	10.2450827	10.0261799	10.0181899	
9.923507	10.2530727	10.2450827	10.0261799	10.0181899	
9.93375	10.2530727	10.2450827	10.0261799	10.0181899	
9.943863	10.2530727	10.2450827	10.0261799	10.0181899	
9.954218	10.2530727	10.2450827	10.0261799	10.0181899	
9.964185	10.2530727	10.2450827	10.0261799	10.0181899	
9.974304	10.2530727	10.2450827	10.0261799	10.0181899	
9.984446	10.2530727	10.2450827	10.0261799	10.0181899	
9.994617	10.2530727	10.2450827	10.0261799	10.0181899	
10.00475	10.2530727	10.2450827	10.0261799	10.0181899	
10.01495	10.2530727	10.2450827	10.0261799	10.0181899	
10.02514	10.2530727	10.2450827	10.0261799	10.0181899	
10.03521	10.2530727	10.2450827	10.0261799	10.0181899	
10.04538	10.2530727	10.2450827	10.0261799	10.0181899	
10.0555	10.2530727	10.2450827	10.0261799	10.0181899	
10.06564	10.2530727	10.2450827	10.0261799	10.0181899	
10.07585	10.2530727	10.2450827	10.0261799	10.0181899	
10.08595	10.2530727	10.2450827	10.0261799	10.0181899	
10.0961	10.2530727	10.2450827	10.0261799	10.0181899	
10.1063	10.2530727	10.2450827	10.0261799	10.0181899	
10.11645	10.2530727	10.2450827	10.0261799	10.0181899	
10.12665	10.2530727	10.2450827	10.0261799	10.0181899	
10.13671	10.2530727	10.2450827	10.0261799	10.0181899	
10.14687	10.2530727	10.2450827	10.0261799	10.0181899	
10.15702	10.2530727	10.2450827	10.0261799	10.0181899	
10.16713	10.2530727	10.2450827	10.0261799	10.0181899	
10.17735	10.2530727	10.2450827	10.0261799	10.0181899	
10.18747	10.2530727	10.2450827	10.0261799	10.0181899	
10.19769	10.2530727	10.2450827	10.0261799	10.0181899	
10.20782	10.2530727	10.2450827	10.0261799	10.0181899	
10.21793	10.2530727	10.2450827	10.0261799	10.0181899	
10.2281	10.2530727	10.2450827	10.0261799	10.0181899	
10.23825	10.2530727	10.2450827	10.0261799	10.0181899	
10.24839	10.2530727	10.2450827	10.0261799	10.0181899	
10.27556	10.2530727	10.2450827	10.0261799	10.0181899	
10.28012	10.2530727	10.2450827	10.0261799	10.0181899	
10.29027	10.2530727	10.2450827	10.0261799	10.0181899	
10.30044	10.2530727	10.2450827	10.0261799	10.0181899	
10.31067	10.2530727	10.2450827	10.0261799	10.0181899	
10.32075	10.2530727	10.2450827	10.0261799	10.0181899	
10.33091	10.2530727	10.2450827	10.0261799	10.0181899	
10.34111	10.2530727	10.2450827	10.0261799	10.0181899	
10.35121	10.2530727	10.2450827	10.0261799	10.0181899	
10.36136	10.2530727	10.2450827	10.0261799	10.0181899	
10.37152	10.2530727	10.2450827	10.0261799	10.0181899	
10.3821	10.2530727	10.2450827	10.0261799	10.0181899	
10.39181	10.2530727	10.2450827	10.0261799	10.0181899	
10.402	10.2530727	10.2450827	10.0261799	10.0181899	
10.41218	10.2530727	10.2450827	10.0261799	10.0181899	
10.42228	10.2530727	10.2450827	10.0261799	10.0181899	
10.43247	10.2530727	10.2450827	10.0261799	10.0181899	
10.44266	10.2530727	10.2450827	10.0261799	10.0181899	
10.4528	10.2530727	10.2450827	10.0261799	10.0181899	
10.46307	10.2530727	10.2450827	10.0261799	10.0181899	
10.47318	10.2530727	10.2450827	10.0261799	10.0181899	
10.48337	10.2530727	10.2450827	10.0261799	10.0181899	
10.49364	10.2530727	10.2450827	10.0261799	10.0181899	
10.50376	10.2530727	10.2450827	10.0261799	10.0181899	
10.51391	10.2530727	10.2450827	10.0261799	10.0181899	
10.5241	10.2530727	10.2450827	10.0261799	10.0181899	
10.53424	10.2530727	10.2450827	10.0261799	10.0181899	
10.54438	10.2530727	10.2450827	10.0261799	10.0181899	
10.55451	10.2530727	10.2450827	10.0261799	10.0181899	
10.56468	10.2530727	10.2450827	10.0261799	10.0181899	
10.57488	10.2530727	10.2450827	10.0261799	10.0181899	
10.58535	10.2530727	10.2450827	10.0261799	10.0181899	
10.59517	10.2530727	10.2450827	10.0261799	10.0181899	
10.60534	10.2530727	10.2450827	10.0261799	10.0181899	
10.61544	10.2530727	10.2450827	10.0261799	10.0181899	
10.62558	10.2530727	10.2450827	10.0261799	10.0181899	
10.63576	10.2530727	10.2450827	10.0261799	10.0181899	
10.64587	10.2530727	10.2450827	10.0261799	10.0181899	
10.65601	10.2530727	10.2450827	10.0261799	10.0181899	
10.66625	10.2530727	10.2450827	10.0261799	10.0181899	
10.67639	10.2530727	10.2450827	10.0261799	10.0181899	
10.68649	10.2530727	10.2450827	10.0261799	10.0181899	
10.69662	10.2530727	10.2450827	10.0261799	10.0181899	
10.7068	10.2530727	10.2450827	10.0261799	10.0181899	
10.71694	10.2530727	10.2450827	10.0261799	10.0181899	
10.72707	10.2530727	10.2450827	10.0261799	10.0181899	
10.73723	10.2530727	10.2450827	10.0261799	10.0181899	
10.74739	10.2530727	10.2450827	10.0261799	10.0181899	
10.75757	10.2530727	10.2450827	10.0261799	10.0181899	
10.76774	10.2530727	10.2450827	10.0261799	10.0181899	
10.77783	10.2530727	10.2450827	10.0261799	10.0181899	
10.78805	10.2530727	10.2450827	10.0261799	10.0181899	
10.79819	10.2530727	10.2450827	10.0261799	10.0181899	
10.80835	10.2530727	10.2450827	10.0261799	10.0181899	
10.81871	10.2530727	10.2450827	10.0261799	10.0181899	
10.82897	10.2530727	10.2450827	10.0261799	10.0181899	
10.839	10.2530727	10.2450827	10.0261799	10.0181899	
10.84915	10.2530727	10.2450827	10.0261799	10.0181899	
10.85931	10.2530727	10.2450827	10.0261799	10.0181899	
10.86948	10.2530727	10.2450827	10.0261799	10.0181899	
10.87966	10.2530727	10.2450827	10.0261799	10.0181899	
10.88984	10.2530727	10.2450827	10.0261799	10.0181899	
10.90001	10.2530727	10.2450827	10.0261799	10.0181899	
10.91016	10.2530727	10.2450827	10.0261799	10.0181899	
10.92026	10.2530727	10.2450827	10.0261799	10.0181899	
10.93046	10.2530727	10.2450827	10.0261799	10.0181899	
10.94061	10.2530727	10.2450827	10.0261799	10.0181899	
10.95084	10.2530727	10.2450827	10.0261799	10.0181899	
10.96096	10.2530727	10.2450827	10.0261799	10.0181899	
10.97111	10.2530727	10.2450827	10.0261799	10.0181899	
10.98134	10.2530727	10.2450827	10.0261799	10.0181899	
10.99142	10.2530727	10.2450827	10.0261799	10.0181899	
11.00156	10.2530727	10.2450827	10.0261799	10.0181899	
11.02163	10.2530727	10.2450827	10.0261799	10.0181899	
11.02624	10.2530727	10.2450827	10.0261799	10.0181899	
11.03638	10.2530727	10.2450827	10.0261799	10.0181899	
11.04645	10.2530727	10.2450827	10.0261799	10.0181899	
11.05661	10.2530727	10.2450827	10.0261799	10.0181899	
11.06675	10.2530727	10.2450827	10.0261799	10.0181899	
11.07688	10.2530727	10.2450827	10.0261799	10.0181899	
11.08711	10.2530727	10.2450827	10.0261799	10.0181899	
11.09724	10.2530727	10.2450827	10.0261799	10.0181899	
11.10735	10.2530727	10.2450827	10.0261799	10.0181899	
11.11755	10.2530727	10.2450827	10.0261799	10.0181899	
11.12774	10.2530727	10.2450827	10.0261799	10.0181899	
11.13782	10.2530727	10.2450827	10.0261799	10.0181899	
11.14803	10.2530727	10.2450827	10.0261799	10.0181899	
11.15812	10.2530727	10.2450827	10.0261799	10.0181899	
11.16826	10.2530727	10.2450827	10.0261799	10.0181899	
11.17846	10.2530727	10.2450827	10.0261799	10.0181899	
11.18862	10.2530727	10.2450827	10.0261799	10.0181899	
11.19885	10.2530727	10.2450827	10.0261799	10.0181899	
11.20897	10.2530727	10.2450827	10.0261799	10.0181899	
11.22727	10.2530727	10.2450827	10.0261799	10.0181899	
11.23179	10.2530727	10.2450827	10.0261799	10.0181899	
11.24194	10.2530727	10.2450827	10.0261799	10.0181899	
11.25212	10.2530727	10.2450827	10.0261799	10.0181899	
11.26223	10.2530727	10.2450827	10.0261799	10.0181899	
11.27243	10.2530727	10.2450827	10.0261799	10.0181899	
11.28256	10.2530727	10.2450827	10.0261799	10.0181899	
11.29275	10.2530727	10.2450827	10.0261799	10.0181899	
11.30291	10.2530727	10.2450827	10.0261799	10.0181899	
11.31302	10.2530727	10.2450827	10.0261799	10.0181899	
11.32326	10.2530727	10.2450827	10.0261799	10.0181899	
11.33347	10.2530727	10.2450827	10.0261799	10.0181899	
11.34358	10.2530727	10.2450827	10.0261799	10.0181899	
11.35375	10.2530727	10.2450827	10.0261799	10.0181899	
11.36396	10.2530727	10.2450827	10.0261799	10.0181899	
11.37406	10.2530727	10.2450827	10.0261799	10.0181899	
11.3842	10.2530727	10.2450827	10.0261799	10.0181899	
11.39434	10.2530727	10.2450827	10.0261799	10.0181899	
11.40457	10.2530727	10.2450827	10.0261799	10.0181899	
11.41478	10.2530727	10.2450827	10.0261799	10.0181899	
11.42489	10.2530727	10.2450827	10.0261799	10.0181899	
11.43501	10.2530727	10.2450827	10.0261799	10.0181899	
11.4452	10.2530727	10.2450827	10.0261799	10.0181899	
11.4553	10.2530727	10.2450827	10.0261799	10.0181899	
11.46544	10.2530727	10.2450827	10.0261799	10.0181899	
11.4756	10.2530727	10.2450827	10.0261799	10.0181899	
11.48575	10.2530727	10.2450827	10.0261799	10.0181899	
11.49589	10.2530727	10.2450827	10.0261799	10.0181899	
11.50604	10.2530727	10.2450827	10.0261799	10.0181899	
11.51624	10.2530727	10.2450827	10.0261799	10.0181899	
11.52681	10.2530727	10.2450827	10.0261799	10.0181899	
11.53658	10.2530727	10.2450827	10.0261799	10.0181899	
11.54665	10.2530727	10.2450827	10.0261799	10.0181899	
11.55682	10.2530727	10.2450827	10.0261799	10.0181899	
11.56694	10.2530727	10.2450827	10.0261799	10.0181899	
11.57715	10.2530727	10.2450827	10.0261799	10.0181899	
11.58728	10.2530727	10.2450827	10.0261799	10.0181899	
11.59747	10.2530727	10.2450827	10.0261799	10.0181899	
11.60758	10.2530727	10.2450827	10.0261799	10.0181899	
11.6256	10.2530727	10.2450827	10.0261799	10.0181899	
11.63013	10.2530727	10.2450827	10.0261799	10.0181899	
11.64028	10.2530727	10.2450827	10.0261799	10.0181899	
11.65045	10.2530727	10.2450827	10.0261799	10.0181899	
11.66064	10.2530727	10.2450827	10.0261799	10.0181899	
11.67084	10.2530727	10.2450827	10.0261799	10.0181899	
11.681	10.2530727	10.2450827	10.0261799	10.0181899	
11.69115	10.2530727	10.2450827	10.0261799	10.0181899	
11.70139	10.2530727	10.2450827	10.0261799	10.0181899	
11.71146	10.2530727	10.2450827	10.0261799	10.0181899	
11.72161	10.2530727	10.2450827	10.0261799	10.0181899	
11.73178	10.2530727	10.2450827	10.0261799	10.0181899	
11.74197	10.2530727	10.2450827	10.0261799	10.0181899	
11.75209	10.2530727	10.2450827	10.0261799	10.0181899	
11.76224	10.2530727	10.2450827	10.0261799	10.0181899	
11.7724	10.2530727	10.2450827	10.0261799	10.0181899	
11.78254	10.2530727	10.2450827	10.0261799	10.0181899	
11.79272	10.2530727	10.2450827	10.0261799	10.0181899	
11.8029	10.2530727	10.2450827	10.0261799	10.0181899	
11.81302	10.2530727	10.2450827	10.0261799	10.0181899	
11.82319	10.2530727	10.2450827	10.0261799	10.0181899	
11.83329	10.2530727	10.2450827	10.0261799	10.0181899	
11.84351	10.2530727	10.2450827	10.0261799	10.0181899	
11.85369	10.2530727	10.2450827	10.0261799	10.0181899	
11.8638	10.2530727	10.2450827	10.0261799	10.0181899	
11.8739	10.2530727	10.2450827	10.0261799	10.0181899	
11.88413	10.2530727	10.2450827	10.0261799	10.0181899	
11.89425	10.2530727	10.2450827	10.0261799	10.0181899	
11.90438	10.2530727	10.2450827	10.0261799	10.0181899	
11.91453	10.2530727	10.2450827	10.0261799	10.0181899	
11.92463	10.2530727	10.2450827	10.0261799	10.0181899	
11.93493	10.2530727	10.2450827	10.0261799	10.0181899	
11.94501	10.2530727	10.2450827	10.0261799	10.0181899	
11.95514	10.2530727	10.2450827	10.0261799	10.0181899	
11.96536	10.2530727	10.2450827	10.0261799	10.0181899	
11.97544	10.2530727	10.2450827	10.0261799	10.0181899	
11.98557	10.2530727	10.2450827	10.0261799	10.0181899	
11.99575	10.2530727	10.2450827	10.0261799	10.0181899	
12.00589	10.2530727	10.2450827	10.0261799	10.0181899	
12.0166	10.2530727	10.2450827	10.0261799	10.0181899	
12.02669	10.2530727	10.2450827	10.0261799	10.0181899	
12.03682	10.2530727	10.2450827	10.0261799	10.0181899	
12.04702	10.2530727	10.2450827	10.0261799	10.0181899	
12.05721	10.2530727	10.2450827	10.0261799	10.0181899	
12.06734	10.2530727	10.2450827	10.0261799	10.0181899	
12.07753	10.2530727	10.2450827	10.0261799	10.0181899	
12.08767	10.2530727	10.2450827	10.0261799	10.0181899	
12.09823	10.2530727	10.2450827	10.0261799	10.0181899	
12.10816	10.2530727	10.2450827	10.0261799	10.0181899	
12.11828	10.2530727	10.2450827	10.0261799	10.0181899	
12.12845	10.2530727	10.2450827	10.0261799	10.0181899	
12.13857	10.2530727	10.2450827	10.0261799	10.0181899	
12.14878	10.2530727	10.2450827	10.0261799	10.0181899	
12.15898	10.2530727	10.2450827	10.0261799	10.0181899	
12.16905	10.2530727	10.2450827	10.0261799	10.0181899	
12.17923	10.2530727	10.2450827	10.0261799	10.0181899	
12.1895	10.2530727	10.2450827	10.0261799	10.0181899	
12.19952	10.2530727	10.2450827	10.0261799	10.0181899	
12.20972	10.2530727	10.2450827	10.0261799	10.0181899	
12.2199	10.2530727	10.2450827	10.0261799	10.0181899	
12.23005	10.2530727	10.2450827	10.0261799	10.0181899	
12.24017	10.2530727	10.2450827	10.0261799	10.0181899	
12.2503	10.2530727	10.2450827	10.0261799	10.0181899	
12.26125	10.2530727	10.2450827	10.0261799	10.0181899	
12.27113	10.2530727	10.2450827	10.0261799	10.0181899	
12.28126	10.2530727	10.2450827	10.0261799	10.0181899	
12.29144	10.2530727	10.2450827	10.0261799	10.0181899	
12.30164	10.2530727	10.2450827	10.0261799	10.0181899	
12.31175	10.2530727	10.2450827	10.0261799	10.0181899	
12.32192	10.2530727	10.2450827	10.0261799	10.0181899	
12.33209	10.2530727	10.2450827	10.0261799	10.0181899	
12.34222	10.2530727	10.2450827	10.0261799	10.0181899	
12.35235	10.2530727	10.2450827	10.0261799	10.0181899	
12.36251	10.2530727	10.2450827	10.0261799	10.0181899	
12.37271	10.2530727	10.2450827	10.0261799	10.0181899	
12.38293	10.2530727	10.2450827	10.0261799	10.0181899	
12.39305	10.2530727	10.2450827	10.0261799	10.0181899	
12.40319	10.2530727	10.2450827	10.0261799	10.0181899	
12.41345	10.2530727	10.2450827	10.0261799	10.0181899	
12.42346	10.2530727	10.2450827	10.0261799	10.0181899	
12.43364	10.2530727	10.2450827	10.0261799	10.0181899	
12.44384	10.2530727	10.2450827	10.0261799	10.0181899	
12.45399	10.2530727	10.2450827	10.0261799	10.0181899	
12.46414	10.2530727	10.2450827	10.0261799	10.0181899	
12.4743	10.2530727	10.2450827	10.0261799	10.0181899	
12.48443	10.2530727	10.2450827	10.0261799	10.0181899	
12.49458	10.2530727	10.2450827	10.0261799	10.0181899	
12.50471	10.2530727	10.2450827	10.0261799	10.0181899	
12.51495	10.2530727	10.2450827	10.0261799	10.0181899	
12.52502	10.2530727	10.2450827	10.0261799	10.0181899	
12.53519	10.2530727	10.2450827	10.0261799	10.0181899	
12.54531	10.2530727	10.2450827	10.0261799	10.0181899	
12.55546	10.2530727	10.2450827	10.0261799	10.0181899	
12.56567	10.2530727	10.2450827	10.0261799	10.0181899	
12.57595	10.2530727	10.2450827	10.0261799	10.0181899	
12.58592	10.2530727	10.2450827	10.0261799	10.0181899	
12.5961	10.2530727	10.2450827	10.0261799	10.0181899	
12.6141	10.2530727	10.2450827	10.0261799	10.0181899	
12.61856	10.2530727	10.2450827	10.0261799	10.0181899	
12.6288	10.2530727	10.2450827	10.0261799	10.0181899	
12.63902	10.2530727	10.2450827	10.0261799	10.0181899	
12.64915	10.2530727	10.2450827	10.0261799	10.0181899	
12.65935	10.2530727	10.2450827	10.0261799	10.0181899	
12.66952	10.2530727	10.2450827	10.0261799	10.0181899	
12.67967	10.2530727	10.2450827	10.0261799	10.0181899	
12.68982	10.2530727	10.2450827	10.0261799	10.0181899	
12.70001	10.2530727	10.2450827	10.0261799	10.0181899	
12.71015	10.2530727	10.2450827	10.0261799	10.0181899	
12.7203	10.2530727	10.2450827	10.0261799	10.0181899	
12.73046	10.2530727	10.2450827	10.0261799	10.0181899	
12.74061	10.2530727	10.2450827	10.0261799	10.0181899	
12.75082	10.2530727	10.2450827	10.0261799	10.0181899	
12.76093	10.2530727	10.2450827	10.0261799	10.0181899	
12.77109	10.2530727	10.2450827	10.0261799	10.0181899	
12.7813	10.2530727	10.2450827	10.0261799	10.0181899	
12.79143	10.2530727	10.2450827	10.0261799	10.0181899	
12.80157	10.2530727	10.2450827	10.0261799	10.0181899	
12.81172	10.2530727	10.2450827	10.0261799	10.0181899	
12.82189	10.2530727	10.2450827	10.0261799	10.0181899	
12.83203	10.2530727	10.2450827	10.0261799	10.0181899	
12.84218	10.2530727	10.2450827	10.0261799	10.0181899	
12.85236	10.2530727	10.2450827	10.0261799	10.0181899	
12.86251	10.2530727	10.2450827	10.0261799	10.0181899	
12.87261	10.2530727	10.2450827	10.0261799	10.0181899	
12.88285	10.2530727	10.2450827	10.0261799	10.0181899	
12.89299	10.2530727	10.2450827	10.0261799	10.0181899	
12.90312	10.2530727	10.2450827	10.0261799	10.0181899	
12.91327	10.2530727	10.2450827	10.0261799	10.0181899	
12.92337	10.2530727	10.2450827	10.0261799	10.0181899	
12.93367	10.2530727	10.2450827	10.0261799	10.0181899	
12.94378	10.2530727	10.2450827	10.0261799	10.0181899	
12.95393	10.2530727	10.2450827	10.0261799	10.0181899	
12.96411	10.2530727	10.2450827	10.0261799	10.0181899	
12.97422	10.2530727	10.2450827	10.0261799	10.0181899	
12.98437	10.2530727	10.2450827	10.0261799	10.0181899	
12.99453	10.2530727	10.2450827	10.0261799	10.0181899	
13.00467	10.2530727	10.2450827	10.0261799	10.0181899	
13.01698	10.2530727	10.2450827	10.0261799	10.0181899	
13.02494	10.2530727	10.2450827	10.0261799	10.0181899	
13.03513	10.2530727	10.2450827	10.0261799	10.0181899	
13.04522	10.2530727	10.2450827	10.0261799	10.0181899	
13.05537	10.2530727	10.2450827	10.0261799	10.0181899	
13.06553	10.2530727	10.2450827	10.0261799	10.0181899	
13.07568	10.2530727	10.2450827	10.0261799	10.0181899	
13.08585	10.2530727	10.2450827	10.0261799	10.0181899	
13.09598	10.2530727	10.2450827	10.0261799	10.0181899	
13.10623	10.2530727	10.2450827	10.0261799	10.0181899	
13.11638	10.2530727	10.2450827	10.0261799	10.0181899	
13.12645	10.2530727	10.2450827	10.0261799	10.0181899	
13.13661	10.2530727	10.2450827	10.0261799	10.0181899	
13.14672	10.2530727	10.2450827	10.0261799	10.0181899	
13.15684	10.2530727	10.2450827	10.0261799	10.0181899	
13.16702	10.2530727	10.2450827	10.0261799	10.0181899	
13.17719	10.2530727	10.2450827	10.0261799	10.0181899	
13.18731	10.2530727	10.2450827	10.0261799	10.0181899	
13.19753	10.2530727	10.2450827	10.0261799	10.0181899	
13.20771	10.2530727	10.2450827	10.0261799	10.0181899	
13.21784	10.2530727	10.2450827	10.0261799	10.0181899	
13.22801	10.2530727	10.2450827	10.0261799	10.0181899	
13.23812	10.2530727	10.2450827	10.0261799	10.0181899	
13.24833	10.2530727	10.2450827	10.0261799	10.0181899	
13.25848	10.2530727	10.2450827	10.0261799	10.0181899	
13.26865	10.2530727	10.2450827	10.0261799	10.0181899	
13.27885	10.2530727	10.2450827	10.0261799	10.0181899	
13.28894	10.2530727	10.2450827	10.0261799	10.0181899	
13.29913	10.2530727	10.2450827	10.0261799	10.0181899	
13.30936	10.2530727	10.2450827	10.0261799	10.0181899	
13.31947	10.2530727	10.2450827	10.0261799	10.0181899	
13.32961	10.2530727	10.2450827	10.0261799	10.0181899	
13.33975	10.2530727	10.2450827	10.0261799	10.0181899	
13.34992	10.2530727	10.2450827	10.0261799	10.0181899	
13.36009	10.2530727	10.2450827	10.0261799	10.0181899	
13.37023	10.2530727	10.2450827	10.0261799	10.0181899	
13.38041	10.2530727	10.2450827	10.0261799	10.0181899	
13.39056	10.2530727	10.2450827	10.0261799	10.0181899	
13.40071	10.2530727	10.2450827	10.0261799	10.0181899	
13.41094	10.2530727	10.2450827	10.0261799	10.0181899	
13.42101	10.2530727	10.2450827	10.0261799	10.0181899	
13.43118	10.2530727	10.2450827	10.0261799	10.0181899	
13.44133	10.2530727	10.2450827	10.0261799	10.0181899	
13.45148	10.2530727	10.2450827	10.0261799	10.0181899	
13.4618	10.2530727	10.2450827	10.0261799	10.0181899	
13.47181	10.2530727	10.2450827	10.0261799	10.0181899	
13.48196	10.2530727	10.2450827	10.0261799	10.0181899	
13.49216	10.2530727	10.2450827	10.0261799	10.0181899	
13.50228	10.2530727	10.2450827	10.0261799	10.0181899	
13.51243	10.2530727	10.2450827	10.0261799	10.0181899	
13.52261	10.2530727	10.2450827	10.0261799	10.0181899	
13.5328	10.2530727	10.2450827	10.0261799	10.0181899	
13.54309	10.2530727	10.2450827	10.0261799	10.0181899	
13.55316	10.2530727	10.2450827	10.0261799	10.0181899	
13.56334	10.2530727	10.2450827	10.0261799	10.0181899	
13.57355	10.2530727	10.2450827	10.0261799	10.0181899	
13.58364	10.2530727	10.2450827	10.0261799	10.0181899	
13.59379	10.2530727	10.2450827	10.0261799	10.0181899	
13.6041	10.2530727	10.2450827	10.0261799	10.0181899	
13.61411	10.2530727	10.2450827	10.0261799	10.0181899	
13.62427	10.2530727	10.2450827	10.0261799	10.0181899	
13.6344	10.2530727	10.2450827	10.0261799	10.0181899	
13.64454	10.2530727	10.2450827	10.0261799	10.0181899	
13.65468	10.2530727	10.2450827	10.0261799	10.0181899	
13.66487	10.2530727	10.2450827	10.0261799	10.0181899	
13.67499	10.2530727	10.2450827	10.0261799	10.0181899	
13.68514	10.2530727	10.2450827	10.0261799	10.0181899	
13.69524	10.2530727	10.2450827	10.0261799	10.0181899	
13.70542	10.2530727	10.2450827	10.0261799	10.0181899	
13.71555	10.2530727	10.2450827	10.0261799	10.0181899	
13.72577	10.2530727	10.2450827	10.0261799	10.0181899	
13.73586	10.2530727	10.2450827	10.0261799	10.0181899	
13.74599	10.2530727	10.2450827	10.0261799	10.0181899	
13.75623	10.2530727	10.2450827	10.0261799	10.0181899	
13.76635	10.2530727	10.2450827	10.0261799	10.0181899	
13.77646	10.2530727	10.2450827	10.0261799	10.0181899	
13.78659	10.2530727	10.2450827	10.0261799	10.0181899	
13.79679	10.2530727	10.2450827	10.0261799	10.0181899	
13.80701	10.2530727	10.2450827	10.0261799	10.0181899	
13.81707	10.2530727	10.2450827	10.0261799	10.0181899	
13.82725	10.2530727	10.2450827	10.0261799	10.0181899	
13.83745	10.2530727	10.2450827	10.0261799	10.0181899	
13.84753	10.2530727	10.2450827	10.0261799	10.0181899	
13.85775	10.2530727	10.2450827	10.0261799	10.0181899	
13.8678	10.2530727	10.2450827	10.0261799	10.0181899	
13.878	10.2530727	10.2450827	10.0261799	10.0181899	
13.88815	10.2530727	10.2450827	10.0261799	10.0181899	
13.8983	10.2530727	10.2450827	10.0261799	10.0181899	
13.90847	10.2530727	10.2450827	10.0261799	10.0181899	
13.91859	10.2530727	10.2450827	10.0261799	10.0181899	
13.92876	10.2530727	10.2450827	10.0261799	10.0181899	
13.93898	10.2530727	10.2450827	10.0261799	10.0181899	
13.94912	10.2530727	10.2450827	10.0261799	10.0181899	
13.95926	10.2530727	10.2450827	10.0261799	10.0181899	
13.96942	10.2530727	10.2450827	10.0261799	10.0181899	
13.97958	10.2530727	10.2450827	10.0261799	10.0181899	
13.9898	10.2530727	10.2450827	10.0261799	10.0181899	
13.9999	10.2530727	10.2450827	10.0261799	10.0181899	
14.01007	10.2530727	10.2450827	10.0261799	10.0181899	
14.021	10.2530727	10.2450827	10.0261799	10.0181899	
14.03111	10.2530727	10.2450827	10.0261799	10.0181899	
14.04125	10.2530727	10.2450827	10.0261799	10.0181899	
14.05137	10.2530727	10.2450827	10.0261799	10.0181899	
14.06163	10.2530727	10.2450827	10.0261799	10.0181899	
14.0717	10.2530727	10.2450827	10.0261799	10.0181899	
14.08184	10.2530727	10.2450827	10.0261799	10.0181899	
14.092	10.2530727	10.2450827	10.0261799	10.0181899	
14.10214	10.2530727	10.2450827	10.0261799	10.0181899	
14.11233	10.2530727	10.2450827	10.0261799	10.0181899	
14.12248	10.2530727	10.2450827	10.0261799	10.0181899	
14.13264	10.2530727	10.2450827	10.0261799	10.0181899	
14.14288	10.2530727	10.2450827	10.0261799	10.0181899	
14.15293	10.2530727	10.2450827	10.0261799	10.0181899	
14.16305	10.2530727	10.2450827	10.0261799	10.0181899	
14.17319	10.2530727	10.2450827	10.0261799	10.0181899	
14.18337	10.2530727	10.2450827	10.0261799	10.0181899	
14.19357	10.2530727	10.2450827	10.0261799	10.0181899	
14.20374	10.2530727	10.2450827	10.0261799	10.0181899	
14.21395	10.2530727	10.2450827	10.0261799	10.0181899	
14.22405	10.2530727	10.2450827	10.0261799	10.0181899	
14.23419	10.2530727	10.2450827	10.0261799	10.0181899	
14.24442	10.2530727	10.2450827	10.0261799	10.0181899	
14.2548	10.2530727	10.2450827	10.0261799	10.0181899	
14.26466	10.2530727	10.2450827	10.0261799	10.0181899	
14.27477	10.2530727	10.2450827	10.0261799	10.0181899	
14.28497	10.2530727	10.2450827	10.0261799	10.0181899	
14.29516	10.2530727	10.2450827	10.0261799	10.0181899	
14.30526	10.2530727	10.2450827	10.0261799	10.0181899	
14.31541	10.2530727	10.2450827	10.0261799	10.0181899	
14.32565	10.2530727	10.2450827	10.0261799	10.0181899	
14.33571	10.2530727	10.2450827	10.0261799	10.0181899	
14.34585	10.2530727	10.2450827	10.0261799	10.0181899	
14.35603	10.2530727	10.2450827	10.0261799	10.0181899	
14.36628	10.2530727	10.2450827	10.0261799	10.0181899	
14.37638	10.2530727	10.2450827	10.0261799	10.0181899	
14.38651	10.2530727	10.2450827	10.0261799	10.0181899	
14.39663	10.2530727	10.2450827	10.0261799	10.0181899	
14.40679	10.2530727	10.2450827	10.0261799	10.0181899	
14.41689	10.2530727	10.2450827	10.0261799	10.0181899	
14.42707	10.2530727	10.2450827	10.0261799	10.0181899	
14.43719	10.2530727	10.2450827	10.0261799	10.0181899	
14.44786	10.2530727	10.2450827	10.0261799	10.0181899	
14.45756	10.2530727	10.2450827	10.0261799	10.0181899	
14.47559	10.2530727	10.2450827	10.0261799	10.0181899	
14.48012	10.2530727	10.2450827	10.0261799	10.0181899	
14.49023	10.2530727	10.2450827	10.0261799	10.0181899	
14.50048	10.2530727	10.2450827	10.0261799	10.0181899	
14.51058	10.2530727	10.2450827	10.0261799	10.0181899	
14.52074	10.2530727	10.2450827	10.0261799	10.0181899	
14.5309	10.2530727	10.2450827	10.0261799	10.0181899	
14.54102	10.2530727	10.2450827	10.0261799	10.0181899	
14.55126	10.2530727	10.2450827	10.0261799	10.0181899	
14.56143	10.2530727	10.2450827	10.0261799	10.0181899	
14.57156	10.2530727	10.2450827	10.0261799	10.0181899	
14.58176	10.2530727	10.2450827	10.0261799	10.0181899	
14.59186	10.2530727	10.2450827	10.0261799	10.0181899	
14.60201	10.2530727	10.2450827	10.0261799	10.0181899	
14.6122	10.2530727	10.2450827	10.0261799	10.0181899	
14.62234	10.2530727	10.2450827	10.0261799	10.0181899	
14.63248	10.2530727	10.2450827	10.0261799	10.0181899	
14.64264	10.2530727	10.2450827	10.0261799	10.0181899	
14.65276	10.2530727	10.2450827	10.0261799	10.0181899	
14.663	10.2530727	10.2450827	10.0261799	10.0181899	
14.67306	10.2530727	10.2450827	10.0261799	10.0181899	
14.68322	10.2530727	10.2450827	10.0261799	10.0181899	
14.6934	10.2530727	10.2450827	10.0261799	10.0181899	
14.70353	10.2530727	10.2450827	10.0261799	10.0181899	
14.71369	10.2530727	10.2450827	10.0261799	10.0181899	
14.72384	10.2530727	10.2450827	10.0261799	10.0181899	
14.73401	10.2530727	10.2450827	10.0261799	10.0181899	
14.74414	10.2530727	10.2450827	10.0261799	10.0181899	
14.75429	10.2530727	10.2450827	10.0261799	10.0181899	
14.76444	10.2530727	10.2450827	10.0261799	10.0181899	
14.77467	10.2530727	10.2450827	10.0261799	10.0181899	
14.78472	10.2530727	10.2450827	10.0261799	10.0181899	
14.79492	10.2530727	10.2450827	10.0261799	10.0181899	
14.80503	10.2530727	10.2450827	10.0261799	10.0181899	
14.81521	10.2530727	10.2450827	10.0261799	10.0181899	
14.82536	10.2530727	10.2450827	10.0261799	10.0181899	
14.83549	10.2530727	10.2450827	10.0261799	10.0181899	
14.84573	10.2530727	10.2450827	10.0261799	10.0181899	
14.8558	10.2530727	10.2450827	10.0261799	10.0181899	
14.86792	10.2530727	10.2450827	10.0261799	10.0181899	
14.87616	10.2530727	10.2450827	10.0261799	10.0181899	
14.88634	10.2530727	10.2450827	10.0261799	10.0181899	
14.89642	10.2530727	10.2450827	10.0261799	10.0181899	
14.90655	10.2530727	10.2450827	10.0261799	10.0181899	
14.91705	10.2530727	10.2450827	10.0261799	10.0181899	
14.92683	10.2530727	10.2450827	10.0261799	10.0181899	
14.93697	10.2530727	10.2450827	10.0261799	10.0181899	
14.94711	10.2530727	10.2450827	10.0261799	10.0181899	
14.95725	10.2530727	10.2450827	10.0261799	10.0181899	
14.96743	10.2530727	10.2450827	10.0261799	10.0181899	
14.97758	10.2530727	10.2450827	10.0261799	10.0181899	
14.99559	10.2530727	10.2450827	10.0261799	10.0181899	
15.00009	10.2530727	10.2450827	10.0261799	10.0181899	
15.01025	10.2530727	10.2450827	10.0261799	10.0181899	
15.03033	10.2530727	10.2450827	10.0261799	10.0181899	
15.03493	10.2530727	10.2450827	10.0261799	10.0181899	
15.04498	10.2530727	10.2450827	10.0261799	10.0181899	
15.05523	10.2530727	10.2450827	10.0261799	10.0181899	
15.06533	10.2530727	10.2450827	10.0261799	10.0181899	
15.07547	10.2530727	10.2450827	10.0261799	10.0181899	
15.08571	10.2530727	10.2450827	10.0261799	10.0181899	
15.09581	10.2530727	10.2450827	10.0261799	10.0181899	
15.10594	10.2530727	10.2450827	10.0261799	10.0181899	
15.11608	10.2530727	10.2450827	10.0261799	10.0181899	
15.12631	10.2530727	10.2450827	10.0261799	10.0181899	
15.1364	10.2530727	10.2450827	10.0261799	10.0181899	
15.14655	10.2530727	10.2450827	10.0261799	10.0181899	
15.15666	10.2530727	10.2450827	10.0261799	10.0181899	
15.1668	10.2530727	10.2450827	10.0261799	10.0181899	
15.17695	10.2530727	10.2450827	10.0261799	10.0181899	
15.20744	10.2530727	10.2450827	10.0261799	10.0181899	
15.2126	10.2530727	10.2450827	10.0261799	10.0181899	
