9.9255	12.4114357	12.409291	12.2194495	12.2173048	
9.930414	12.4121083	12.409291	12.2201221	12.2173048	
9.940405	12.4142231	12.4180176	12.2222369	12.2260314	
9.950531	12.4169887	12.4267443	12.2250025	12.2260314	
9.960671	12.4203764	12.4267443	12.2283901	12.2260314	
9.970866	12.4244065	12.4354709	12.2324202	12.2260314	
9.980993	12.4290223	12.4354709	12.2370361	12.2260314	
9.991122	12.434255	12.4441976	12.2422688	12.2260314	
10.00132	12.4401521	12.4441976	12.2481658	12.2260314	
10.01146	12.4466252	12.4441976	12.254639	12.2260314	
10.02202	12.4540532	12.4529242	12.262067	12.2260314	
10.0325	12.462085	12.4529242	12.2700988	12.2347581	
10.04271	12.4705167	12.4616509	12.2785305	12.2347581	
10.05279	12.4794556	12.4616509	12.2874694	12.2347581	
10.06297	12.4891032	12.4703775	12.297117	12.2347581	
10.07315	12.4993811	12.4703775	12.3073949	12.2434847	
10.0833	12.5102317	12.4791042	12.3182454	12.2522113	
10.09344	12.5217043	12.4878308	12.3297181	12.260938	
10.10365	12.5338667	12.4878308	12.3418805	12.2696646	
10.11377	12.5465488	12.4965574	12.3545625	12.2871179	
10.12388	12.5598221	12.5140107	12.3678358	12.2958446	
10.13415	12.5739503	12.5140107	12.3819641	12.3220245	
10.14431	12.5885406	12.531464	12.3965544	12.3394778	
10.15448	12.6037599	12.5401907	12.4117737	12.3569311	
10.16458	12.619484	12.5489173	12.4274978	12.3743844	
10.17471	12.6358847	12.5663706	12.4438985	12.4005643	
10.18491	12.6530222	12.5838239	12.461036	12.4180176	
10.19501	12.6705846	12.5925506	12.4785984	12.4354709	
10.20518	12.6889021	12.6100038	12.4969159	12.4529242	
10.21535	12.7078363	12.6274571	12.5158501	12.4616509	
10.22549	12.7273324	12.6449104	12.5353462	12.4791042	
10.23613	12.7485059	12.6623637	12.5565197	12.4965574	
10.24617	12.7690379	12.6885437	12.5770517	12.5140107	
10.2563	12.7904023	12.705997	12.5984161	12.531464	
10.26651	12.8125323	12.7321769	12.6205461	12.5489173	
10.27657	12.8349619	12.7583568	12.6429757	12.5663706	
10.28678	12.8583633	12.7758101	12.6663771	12.5838239	
10.29689	12.8821441	12.8107167	12.6901579	12.6100038	
10.30703	12.9065736	12.8368966	12.7145874	12.6361838	
10.3173	12.9320034	12.8718032	12.7400172	12.6623637	
10.32739	12.9575758	12.8979832	12.7655896	12.6885437	
10.33767	12.9847433	12.9328898	12.7927571	12.7234502	
10.34783	13.0112549	12.9677963	12.8192687	12.7583568	
10.35795	13.0387487	13.0027029	12.8467624	12.7932634	
10.3681	13.0669541	13.0288829	12.8749679	12.8194434	
10.37819	13.0956138	13.0637895	12.9036276	12.8543499	
10.38854	13.1261694	13.0899694	12.9341832	12.8892565	
10.39859	13.1554981	13.124876	12.9635119	12.9241631	
10.40995	13.1904012	13.1597826	12.998415	12.9590697	
10.42839	13.2482273	13.2208691	13.0562411	13.0288829	
10.433	13.2627457	13.2295957	13.0707595	13.0463362	
10.44317	13.2955822	13.2645023	13.103596	13.0812427	
10.45329	13.3288533	13.2994089	13.1368671	13.1161493	
10.46342	13.3628241	13.3343155	13.1708379	13.1597826	
10.47357	13.3974222	13.3692221	13.205436	13.1946891	
10.48371	13.4326447	13.4041287	13.2406584	13.2295957	
10.49389	13.468615	13.4390352	13.2766288	13.2645023	
10.50406	13.5051555	13.4826685	13.3131693	13.3081355	
10.51421	13.5422599	13.5175751	13.3502737	13.3517688	
10.52433	13.5798759	13.5612083	13.3878897	13.3866754	
10.53453	13.6184124	13.5961149	13.4264262	13.4215819	
10.54474	13.6576049	13.6310215	13.4656186	13.4564885	
10.5552	13.6984013	13.6746547	13.5064151	13.4913951	
10.56537	13.7387056	13.7095613	13.5467194	13.5350283	
10.57551	13.7794826	13.7531945	13.5874964	13.5699349	
10.58587	13.8218451	13.7881011	13.6298589	13.6048415	
10.59583	13.8631067	13.8317343	13.6711205	13.6484748	
10.60596	13.9057319	13.8753676	13.7137456	13.6833813	
10.61614	13.9491433	13.9102741	13.7571571	13.7182879	
10.62626	13.9929416	13.9539074	13.8009554	13.7619212	
10.63784	14.0439765	13.9975406	13.8519903	13.7968277	
10.64684	14.0839512	14.0411738	13.891965	13.840461	
10.6568	14.1288503	14.0848071	13.936864	13.8840942	
10.66694	14.1752062	14.1371669	13.98322	13.9277274	
10.67705	14.2220279	14.1808002	14.0300417	13.9800873	
10.68726	14.2700081	14.2244334	14.0780219	14.0324472	
10.69748	14.3185571	14.2767933	14.1265709	14.0760804	
10.70757	14.3671525	14.3291532	14.1751663	14.1371669	
10.71773	14.4166819	14.3727864	14.2246956	14.1895268	
10.72797	14.467298	14.4251463	14.2753117	14.2418867	
10.73935	14.5243149	14.4775061	14.3323287	14.2942466	
10.74823	14.5691676	14.529866	14.3771814	14.3466065	
10.75863	14.6226453	14.5822259	14.4306591	14.3989663	
10.76848	14.6734912	14.6433124	14.481505	14.4600529	
10.77878	14.7274637	14.6956723	14.5354775	14.5211394	
10.7892	14.782763	14.7480322	14.5907768	14.5734993	
10.79896	14.8350801	14.8003921	14.6430939	14.6258591	
10.80918	14.8905649	14.8527519	14.6985787	14.678219	
10.81925	14.945785	14.9051118	14.7537987	14.7305789	
10.82939	15.0020415	14.9661983	14.8100552	14.7916654	
10.84084	15.0664071	15.0272849	14.8744209	14.8440253	
10.84978	15.1170416	15.0796447	14.9250554	14.9051118	
10.85993	15.1751914	15.1494579	14.9832052	14.9661983	
10.87008	15.2339415	15.2105444	15.0419553	15.0272849	
10.88018	15.2930122	15.271631	15.101026	15.0796447	
10.89066	15.3550368	15.3414441	15.1630506	15.1407313	
10.90045	15.4134931	15.4025306	15.2215068	15.2018178	
10.91063	15.4752059	15.4636172	15.2832197	15.2629043	
10.92076	15.5366554	15.5247037	15.3446692	15.3239908	
10.93089	15.5989836	15.5857902	15.4069973	15.393804	
10.94234	15.670382	15.6556034	15.4783957	15.4548905	
10.95128	15.7264218	15.7079633	15.5344356	15.5072504	
10.96148	15.7910544	15.7777764	15.5990682	15.5683369	
10.97162	15.8559343	15.838863	15.6639481	15.6381501	
10.98174	15.9213391	15.8999495	15.7293529	15.6992366	
10.99211	15.9890125	15.9697627	15.7970263	15.7603231	
11.00223	16.055569	16.0308492	15.8635828	15.8301363	
11.01238	16.1230554	16.0919357	15.9310692	15.8912228	
11.02253	16.1912831	16.1617489	15.9992969	15.9523094	
11.03268	16.2597342	16.231562	16.067748	16.0221225	
11.04383	16.336073	16.2926486	16.1440867	16.0919357	
11.05307	16.3995998	16.3624617	16.2076136	16.1617489	
11.06321	16.4700579	16.4322749	16.2780717	16.231562	
11.07343	16.5417151	16.5020881	16.3497288	16.3013752	
11.08349	16.6128316	16.5719012	16.4208453	16.3711884	
11.09368	16.6855446	16.6417144	16.4935583	16.4497282	
11.10386	16.7587719	16.7202542	16.5667857	16.5195414	
11.11399	16.8322538	16.7900674	16.6402675	16.5980812	
11.12413	16.9063735	16.8598806	16.7143873	16.676621	
11.13427	16.9812289	16.9384204	16.7892426	16.7551608	
11.14534	17.0636505	17.0082336	16.8716643	16.824974	
11.15474	17.1341074	17.0867734	16.9421212	16.9035138	
11.1648	17.2101464	17.1653132	17.0181602	16.9820536	
11.17498	17.2877256	17.243853	17.0957393	17.0605934	
11.18516	17.3658878	17.3223928	17.1739016	17.1391333	
11.19528	17.4442249	17.4009326	17.2522386	17.2176731	
11.20541	17.5233105	17.4794725	17.3313243	17.2962129	
11.21558	17.6032034	17.5580123	17.4112172	17.3747527	
11.22573	17.6836917	17.6452787	17.4917055	17.4532925	
11.23584	17.7643871	17.7238186	17.5724008	17.540559	
11.24687	17.8533188	17.8023584	17.6613326	17.6190988	
11.25623	17.9291168	17.8896248	17.7371306	17.6976386	
11.26637	18.0119506	17.9768913	17.8199644	17.7761784	
11.27651	18.0953848	18.0641578	17.9033986	17.8634449	
11.28667	18.1798717	18.1426976	17.9878855	17.9419847	
11.29679	18.2641544	18.229964	18.0721681	18.0292512	
11.30691	18.3491843	18.3172305	18.157198	18.1165176	
11.31711	18.4356323	18.404497	18.2436461	18.2037841	
11.3273	18.520787	18.4917634	18.3288008	18.2910506	
11.33782	18.6085505	18.5877565	18.4165642	18.378317	
11.34844	18.695328	18.675023	18.5033417	18.4655835	
11.35786	18.7722907	18.7622895	18.5803045	18.5528499	
11.36798	18.8542533	18.8495559	18.662267	18.6401164	
11.3781	18.9357022	18.9368224	18.743716	18.7361095	
11.38827	19.0169671	19.0240888	18.8249809	18.823376	
11.39835	19.096941	19.1113553	18.9049548	18.9106424	
11.40861	19.1775681	19.1986218	18.9855819	18.9979089	
11.41876	19.2568209	19.2858882	19.0648347	19.093902	
11.42884	19.3349236	19.3731547	19.1429374	19.1811685	
11.43896	19.4126636	19.4516945	19.2206774	19.2597083	
11.44995	19.4964556	19.5302343	19.3044694	19.3382481	
11.45936	19.5676232	19.6175008	19.3756369	19.4255146	
11.46944	19.6432724	19.687314	19.4512861	19.512781	
11.4796	19.7188679	19.7745804	19.5268817	19.5913209	
11.48983	19.7944618	19.8443936	19.6024756	19.6698607	
11.50012	19.8697279	19.9229334	19.6777417	19.7484005	
11.5101	19.9421994	20.0014732	19.7502132	19.8269403	
11.52021	20.0150171	20.0712864	19.8230309	19.8967535	
11.53037	20.0875649	20.1498262	19.8955786	19.9752933	
11.54044	20.1588834	20.2196394	19.9668972	20.0451065	
11.552	20.2399693	20.2894526	20.0479831	20.1149196	
11.5609	20.3019151	20.3592657	20.1099289	20.1847328	
11.57096	20.3712886	20.4290789	20.1793024	20.2458193	
11.58109	20.4405606	20.4901654	20.2485744	20.3156325	
11.59128	20.5096576	20.5599786	20.3176713	20.3854457	
11.60976	20.6324585	20.673425	20.4404723	20.4988921	
11.61431	20.6627492	20.6996049	20.470763	20.525072	
11.62464	20.7307162	20.7694181	20.5387299	20.5861585	
11.64253	20.8461269	20.8741379	20.6541407	20.6908783	
11.64705	20.8753074	20.9003178	20.6833211	20.7170582	
11.66581	20.9937832	20.9614043	20.801797	20.7781447	
11.67039	21.0226728	21.0312175	20.8306866	20.8479579	
11.68055	21.0861796	21.092304	20.8941934	20.9090444	
11.69072	21.1491286	21.1533905	20.9571424	20.9614043	
11.70087	21.2113614	21.2144771	21.0193752	21.0224908	
11.711	21.2727854	21.2755636	21.0807992	21.0835774	
11.72118	21.3339276	21.3453768	21.1419414	21.1446639	
11.73129	21.3941045	21.4064633	21.2021182	21.2057504	
11.74146	21.4539937	21.4675498	21.2620075	21.2668369	
11.75203	21.5155289	21.5286363	21.3235427	21.3279235	
11.76198	21.5729311	21.5897228	21.3809449	21.38901	
11.77206	21.6304432	21.6508094	21.438457	21.4413699	
11.78226	21.6880208	21.7118959	21.4960346	21.5024564	
11.79238	21.7445596	21.7642558	21.5525734	21.5548163	
11.80257	21.8008728	21.8253423	21.6088865	21.6159028	
11.81273	21.8565714	21.8864288	21.6645852	21.6769893	
11.82288	21.9112465	21.9387887	21.7192603	21.7380758	
11.83302	21.9654902	21.9998752	21.773504	21.7904357	
11.84316	22.0190472	22.0522351	21.8270609	21.8515222	
11.85334	22.0722696	22.1133216	21.8802834	21.9038821	
11.86356	22.1250516	22.1656815	21.9330654	21.956242	
11.8737	22.1768356	22.2180414	21.9848494	22.0173285	
11.88384	22.2279674	22.2704013	22.0359812	22.0696884	
11.89397	22.2784831	22.3227611	22.0864969	22.1220483	
11.90417	22.3287266	22.375121	22.1367404	22.1744081	
11.91433	22.3781745	22.4187542	22.1861883	22.226768	
11.92444	22.4267256	22.4711141	22.2347394	22.2704013	
11.93458	22.4748657	22.5147474	22.2828795	22.3227611	
11.9447	22.5223213	22.5671072	22.3303351	22.3663944	
11.95493	22.5696398	22.6107405	22.3776536	22.4187542	
11.96515	22.6163016	22.6543737	22.4243154	22.4711141	
11.97529	22.6619818	22.6980069	22.4699956	22.5147474	
11.98548	22.7072749	22.7416402	22.5152887	22.5583806	
11.99558	22.7515835	22.7852734	22.5595973	22.6107405	
12.00571	22.7954064	22.8289066	22.6034201	22.6543737	
12.01596	22.839165	22.8725398	22.6471788	22.6892803	
12.02608	22.8817413	22.9161731	22.6897551	22.7329135	
12.03622	22.9238053	22.9510797	22.7318191	22.7678201	
12.04637	22.9652772	22.9859862	22.773291	22.8114533	
12.05651	23.0061411	23.0296195	22.8141549	22.8463599	
12.06682	23.04708	23.0645261	22.8550938	22.8812665	
12.07688	23.0864054	23.0994327	22.8944191	22.9161731	
12.08703	23.125461	23.1343392	22.9334747	22.9510797	
12.09726	23.1642354	23.1692458	22.9722491	22.9859862	
12.10728	23.2016063	23.2041524	23.0096201	23.0208928	
12.11768	23.2397905	23.239059	23.0478042	23.0557994	
12.12786	23.2765281	23.2826922	23.0845418	23.090706	
12.13837	23.3138293	23.3175988	23.1218431	23.1256126	
12.14847	23.3490642	23.3525054	23.157078	23.1605192	
12.15904	23.3853164	23.387412	23.1933302	23.1954258	
12.16884	23.4183541	23.4223186	23.2263679	23.2303323	
12.17916	23.4525152	23.4659518	23.260529	23.2652389	
12.18928	23.4854168	23.5008584	23.2934306	23.3001455	
12.1994	23.5177314	23.535765	23.3257451	23.3350521	
12.20959	23.5496871	23.5619449	23.3577009	23.3699587	
12.21972	23.5808318	23.5968515	23.3888456	23.4048653	
12.22985	23.6113566	23.6317581	23.4193704	23.4310452	
12.24009	23.641642	23.657938	23.4496557	23.4659518	
12.25015	23.6708068	23.6928446	23.4788206	23.4921317	
12.26067	23.700643	23.7190245	23.5086568	23.5270383	
12.27052	23.7280225	23.7452045	23.5360363	23.5532183	
12.28065	23.7555893	23.7713844	23.5636031	23.5793982	
12.29083	23.7826835	23.7975644	23.5906973	23.6055781	
12.30096	23.8090786	23.8237443	23.6170924	23.6404847	
12.31299	23.8395063	23.8586509	23.6475201	23.6666647	
12.3213	23.8602007	23.8848308	23.6682144	23.7015712	
12.33929	23.9026766	23.928464	23.7106904	23.7452045	
12.34384	23.913459	23.9459173	23.7214728	23.7626578	
12.35396	23.9367073	23.9633706	23.7447211	23.7888377	
12.36535	23.9621254	23.9895506	23.7701391	23.8150176	
12.37448	23.9820518	24.0157305	23.7900656	23.8411976	
12.38457	24.0034929	24.0331838	23.8115067	23.8586509	
12.40479	24.043524	24.076817	23.8515378	23.9022841	
12.40943	24.0527813	24.0855437	23.8607951	23.9110108	
12.41964	24.0724197	24.102997	23.8804335	23.928464	
12.42976	24.0913192	24.1204503	23.899333	23.9459173	
12.43979	24.1094798	24.1379036	23.9174936	23.9633706	
12.45	24.1273738	24.1553568	23.9353876	23.9808239	
12.46056	24.1452518	24.1640835	23.9532656	23.9895506	
12.47036	24.1613116	24.1815368	23.9693254	24.0070039	
12.4804	24.1771959	24.1902634	23.9852097	24.0157305	
12.49058	24.1927297	24.2077167	24.0007434	24.0331838	
12.50068	24.207574	24.2164434	24.0155878	24.0506371	
12.51089	24.22199	24.2338967	24.0300037	24.0593637	
12.521	24.2357011	24.2426233	24.0437148	24.0680904	
12.53135	24.249148	24.25135	24.0571617	24.076817	
12.5414	24.261655	24.2600766	24.0696688	24.0855437	
12.55935	24.2818475	24.2775299	24.0898613	24.102997	
12.56392	24.2870327	24.2775299	24.0950465	24.102997	
12.57414	24.297939	24.2775299	24.1059528	24.102997	
12.58427	24.3081906	24.2862565	24.1162044	24.1117236	
12.59445	24.3179422	24.2949832	24.125956	24.1117236	
12.60454	24.3270675	24.2949832	24.1350813	24.1204503	
12.61476	24.3357649	24.3037098	24.1437787	24.1204503	
12.62488	24.3438422	24.3124365	24.151856	24.1204503	
12.63507	24.3514376	24.3124365	24.1594514	24.1204503	
12.64522	24.3584714	24.3211631	24.1664852	24.1204503	
12.65533	24.3649663	24.3211631	24.1729801	24.1204503	
12.66557	24.3710153	24.3298898	24.1790291	24.1204503	
12.67574	24.3765112	24.3386164	24.1845249	24.1204503	
12.68586	24.3814863	24.3473431	24.1895	24.1204503	
12.69605	24.3860042	24.3473431	24.194018	24.1204503	
12.7062	24.3900255	24.3473431	24.1980393	24.1204503	
12.71629	24.3935638	24.3560697	24.2015776	24.1291769	
12.7265	24.3966847	24.3560697	24.2046985	24.1379036	
12.73665	24.3993577	24.3560697	24.2073715	24.1466302	
12.74691	24.4016364	24.3560697	24.2096502	24.1553568	
12.75698	24.4034959	24.3560697	24.2115097	24.1640835	
12.76707	24.409291	24.3560697	24.2173048	24.1728101	
12.77738	24.409291	24.3560697	24.2173048	24.1815368	
12.7875	24.409291	24.3560697	24.2173048	24.1902634	
12.79762	24.409291	24.3560697	24.2173048	24.1989901	
12.8077	24.409291	24.3560697	24.2173048	24.2077167	
12.81797	24.409291	24.3560697	24.2173048	24.2077167	
12.82806	24.409291	24.3647964	24.2173048	24.2077167	
12.83828	24.409291	24.3647964	24.2173048	24.2077167	
12.84839	24.409291	24.3647964	24.2173048	24.2077167	
12.85849	24.409291	24.3647964	24.2173048	24.2077167	
12.86907	24.409291	24.373523	24.2173048	24.2077167	
12.8789	24.409291	24.3822497	24.2173048	24.2077167	
12.88896	24.409291	24.3822497	24.2173048	24.2077167	
12.89911	24.409291	24.3822497	24.2173048	24.1989901	
12.91039	24.409291	24.3909763	24.2173048	24.1989901	
12.91946	24.409291	24.3997029	24.2173048	24.1989901	
12.92963	24.409291	24.3997029	24.2173048	24.1989901	
12.93971	24.409291	24.3997029	24.2173048	24.1989901	
12.94994	24.409291	24.3997029	24.2173048	24.1989901	
12.96015	24.409291	24.3997029	24.2173048	24.1989901	
12.97055	24.409291	24.3997029	24.2173048	24.1989901	
12.98042	24.409291	24.3997029	24.2173048	24.1989901	
12.99055	24.409291	24.3997029	24.2173048	24.1989901	
13.00071	24.409291	24.3997029	24.2173048	24.1989901	
13.0109	24.409291	24.3997029	24.2173048	24.1989901	
13.02105	24.409291	24.3997029	24.2173048	24.1989901	
13.03117	24.409291	24.3997029	24.2173048	24.1989901	
13.0414	24.409291	24.3997029	24.2173048	24.1989901	
13.0593	24.409291	24.3997029	24.2173048	24.1989901	
13.0642	24.409291	24.3997029	24.2173048	24.1989901	
13.07437	24.409291	24.3997029	24.2173048	24.1989901	
13.0845	24.409291	24.3997029	24.2173048	24.1989901	
13.09468	24.409291	24.3997029	24.2173048	24.1989901	
13.10483	24.409291	24.3997029	24.2173048	24.1989901	
13.11503	24.409291	24.3997029	24.2173048	24.1989901	
13.12515	24.409291	24.3997029	24.2173048	24.1989901	
13.13532	24.409291	24.3997029	24.2173048	24.1989901	
13.14553	24.409291	24.3997029	24.2173048	24.1989901	
13.15563	24.409291	24.3997029	24.2173048	24.1989901	
13.16582	24.409291	24.3997029	24.2173048	24.1989901	
13.17599	24.409291	24.3997029	24.2173048	24.1989901	
13.18612	24.409291	24.3997029	24.2173048	24.1989901	
13.19628	24.409291	24.3997029	24.2173048	24.1989901	
13.20638	24.409291	24.3997029	24.2173048	24.1989901	
13.21658	24.409291	24.3997029	24.2173048	24.1989901	
13.22678	24.409291	24.3997029	24.2173048	24.1989901	
13.23689	24.409291	24.3997029	24.2173048	24.1989901	
13.24705	24.409291	24.3997029	24.2173048	24.1989901	
13.25718	24.409291	24.3997029	24.2173048	24.1989901	
13.26737	24.409291	24.3997029	24.2173048	24.1989901	
13.27751	24.409291	24.3997029	24.2173048	24.1989901	
13.28765	24.409291	24.3997029	24.2173048	24.1989901	
13.29778	24.409291	24.3997029	24.2173048	24.1989901	
13.30789	24.409291	24.3997029	24.2173048	24.1989901	
13.31809	24.409291	24.3997029	24.2173048	24.1989901	
13.32823	24.409291	24.3997029	24.2173048	24.1989901	
13.33838	24.409291	24.3997029	24.2173048	24.1989901	
13.34851	24.409291	24.3997029	24.2173048	24.1989901	
13.35869	24.409291	24.3997029	24.2173048	24.1989901	
13.36886	24.409291	24.3997029	24.2173048	24.1989901	
13.37903	24.409291	24.3997029	24.2173048	24.1989901	
13.38915	24.409291	24.3997029	24.2173048	24.1989901	
13.39928	24.409291	24.3997029	24.2173048	24.1989901	
13.40951	24.409291	24.3997029	24.2173048	24.1989901	
13.41959	24.409291	24.3997029	24.2173048	24.1989901	
13.42973	24.409291	24.3997029	24.2173048	24.1989901	
13.43998	24.409291	24.3997029	24.2173048	24.1989901	
13.45009	24.409291	24.3997029	24.2173048	24.1989901	
13.46021	24.409291	24.3997029	24.2173048	24.1989901	
13.47036	24.409291	24.3997029	24.2173048	24.1989901	
13.48052	24.409291	24.3997029	24.2173048	24.1989901	
13.49066	24.409291	24.3997029	24.2173048	24.1989901	
13.5008	24.409291	24.3997029	24.2173048	24.1989901	
13.51097	24.409291	24.3997029	24.2173048	24.1989901	
13.52111	24.409291	24.3997029	24.2173048	24.1989901	
13.53125	24.409291	24.3997029	24.2173048	24.1989901	
13.54147	24.409291	24.3997029	24.2173048	24.1989901	
13.55158	24.409291	24.3997029	24.2173048	24.1989901	
13.56176	24.409291	24.3997029	24.2173048	24.1989901	
13.57207	24.409291	24.3997029	24.2173048	24.1989901	
13.58224	24.409291	24.3997029	24.2173048	24.1989901	
13.59246	24.409291	24.3997029	24.2173048	24.1989901	
13.60256	24.409291	24.3997029	24.2173048	24.1989901	
13.61267	24.409291	24.3997029	24.2173048	24.1989901	
13.62279	24.409291	24.3997029	24.2173048	24.1989901	
13.63303	24.409291	24.3997029	24.2173048	24.1989901	
13.64314	24.409291	24.3997029	24.2173048	24.1989901	
13.6533	24.409291	24.3997029	24.2173048	24.1989901	
13.66346	24.409291	24.3997029	24.2173048	24.1989901	
13.67362	24.409291	24.3997029	24.2173048	24.1989901	
13.68382	24.409291	24.3997029	24.2173048	24.1989901	
13.69395	24.409291	24.3997029	24.2173048	24.1989901	
13.70414	24.409291	24.3997029	24.2173048	24.1989901	
13.71427	24.409291	24.3997029	24.2173048	24.1989901	
13.72441	24.409291	24.3997029	24.2173048	24.1989901	
13.73457	24.409291	24.3997029	24.2173048	24.1989901	
13.74479	24.409291	24.3997029	24.2173048	24.1989901	
13.75503	24.409291	24.3997029	24.2173048	24.1989901	
13.76511	24.409291	24.3997029	24.2173048	24.1989901	
13.77524	24.409291	24.3997029	24.2173048	24.1989901	
13.78552	24.409291	24.3997029	24.2173048	24.1989901	
13.79558	24.409291	24.3997029	24.2173048	24.1989901	
13.80571	24.409291	24.3997029	24.2173048	24.1989901	
13.81587	24.409291	24.3997029	24.2173048	24.1989901	
13.82602	24.409291	24.3997029	24.2173048	24.1989901	
13.8363	24.409291	24.3997029	24.2173048	24.1989901	
13.84634	24.409291	24.3997029	24.2173048	24.1989901	
13.8565	24.409291	24.3997029	24.2173048	24.1989901	
13.86664	24.409291	24.3997029	24.2173048	24.1989901	
13.87678	24.409291	24.3997029	24.2173048	24.1989901	
13.88693	24.409291	24.3997029	24.2173048	24.1989901	
13.89711	24.409291	24.3997029	24.2173048	24.1989901	
13.90732	24.409291	24.3997029	24.2173048	24.1989901	
13.91753	24.409291	24.3997029	24.2173048	24.1989901	
13.9276	24.409291	24.3997029	24.2173048	24.1989901	
13.93779	24.409291	24.3997029	24.2173048	24.1989901	
13.94789	24.409291	24.3997029	24.2173048	24.1989901	
13.95807	24.409291	24.3997029	24.2173048	24.1989901	
13.96829	24.409291	24.3997029	24.2173048	24.1989901	
13.9784	24.409291	24.3997029	24.2173048	24.1989901	
13.98852	24.409291	24.3997029	24.2173048	24.1989901	
13.99873	24.409291	24.3997029	24.2173048	24.1989901	
14.00885	24.409291	24.3997029	24.2173048	24.1989901	
14.01909	24.409291	24.3997029	24.2173048	24.1989901	
14.02917	24.409291	24.3997029	24.2173048	24.1989901	
14.03931	24.409291	24.3997029	24.2173048	24.1989901	
14.04952	24.409291	24.3997029	24.2173048	24.1989901	
14.05958	24.409291	24.3997029	24.2173048	24.1989901	
14.06975	24.409291	24.3997029	24.2173048	24.1989901	
14.07993	24.409291	24.3997029	24.2173048	24.1989901	
14.09009	24.409291	24.3997029	24.2173048	24.1989901	
14.10022	24.409291	24.3997029	24.2173048	24.1989901	
14.11034	24.409291	24.3997029	24.2173048	24.1989901	
14.12049	24.409291	24.3997029	24.2173048	24.1989901	
14.13062	24.409291	24.3997029	24.2173048	24.1989901	
14.1408	24.409291	24.3997029	24.2173048	24.1989901	
14.15095	24.409291	24.3997029	24.2173048	24.1989901	
14.16109	24.409291	24.3997029	24.2173048	24.1989901	
14.17127	24.409291	24.3997029	24.2173048	24.1989901	
14.18147	24.409291	24.3997029	24.2173048	24.1989901	
14.1916	24.409291	24.3997029	24.2173048	24.1989901	
14.20176	24.409291	24.3997029	24.2173048	24.1989901	
14.21207	24.409291	24.3997029	24.2173048	24.1989901	
14.22223	24.409291	24.3997029	24.2173048	24.1989901	
14.23242	24.409291	24.3997029	24.2173048	24.1989901	
14.24257	24.409291	24.3997029	24.2173048	24.1989901	
14.25269	24.409291	24.3997029	24.2173048	24.1989901	
14.26294	24.409291	24.3997029	24.2173048	24.1989901	
14.27305	24.409291	24.3997029	24.2173048	24.1989901	
14.28319	24.409291	24.3997029	24.2173048	24.1989901	
14.29333	24.409291	24.3997029	24.2173048	24.1989901	
14.30346	24.409291	24.3997029	24.2173048	24.1989901	
14.31373	24.409291	24.3997029	24.2173048	24.1989901	
14.3238	24.409291	24.3997029	24.2173048	24.1989901	
14.33397	24.409291	24.3997029	24.2173048	24.1989901	
14.34418	24.409291	24.3997029	24.2173048	24.1989901	
14.3543	24.409291	24.3997029	24.2173048	24.1989901	
14.36444	24.409291	24.3997029	24.2173048	24.1989901	
14.37461	24.409291	24.3997029	24.2173048	24.1989901	
14.38474	24.409291	24.3997029	24.2173048	24.1989901	
14.40424	24.409291	24.3997029	24.2173048	24.1989901	
14.40885	24.409291	24.3997029	24.2173048	24.1989901	
14.41904	24.409291	24.3997029	24.2173048	24.1989901	
14.42908	24.409291	24.3997029	24.2173048	24.1989901	
14.43924	24.409291	24.3997029	24.2173048	24.1989901	
14.44945	24.409291	24.3997029	24.2173048	24.1989901	
14.45955	24.409291	24.3997029	24.2173048	24.1989901	
14.46969	24.409291	24.3997029	24.2173048	24.1989901	
14.47982	24.409291	24.3997029	24.2173048	24.1989901	
14.49807	24.409291	24.3997029	24.2173048	24.1989901	
14.50265	24.409291	24.3997029	24.2173048	24.1989901	
14.51285	24.409291	24.3997029	24.2173048	24.1989901	
14.5231	24.409291	24.3997029	24.2173048	24.1989901	
14.5332	24.409291	24.3997029	24.2173048	24.1989901	
14.54332	24.409291	24.3997029	24.2173048	24.1989901	
14.55356	24.409291	24.3997029	24.2173048	24.1989901	
14.56366	24.409291	24.3997029	24.2173048	24.1989901	
14.57381	24.409291	24.3997029	24.2173048	24.1989901	
14.58396	24.409291	24.3997029	24.2173048	24.1989901	
14.59413	24.409291	24.3997029	24.2173048	24.1989901	
14.60432	24.409291	24.3997029	24.2173048	24.1989901	
14.61447	24.409291	24.3997029	24.2173048	24.1989901	
14.62466	24.409291	24.3997029	24.2173048	24.1989901	
14.63501	24.409291	24.3997029	24.2173048	24.1989901	
14.64497	24.409291	24.3997029	24.2173048	24.1989901	
14.65512	24.409291	24.3997029	24.2173048	24.1989901	
14.6653	24.409291	24.3997029	24.2173048	24.1989901	
14.67544	24.409291	24.3997029	24.2173048	24.1989901	
14.6856	24.409291	24.3997029	24.2173048	24.1989901	
14.69575	24.409291	24.3997029	24.2173048	24.1989901	
14.70596	24.409291	24.3997029	24.2173048	24.1989901	
14.71608	24.409291	24.3997029	24.2173048	24.1989901	
14.72624	24.409291	24.3997029	24.2173048	24.1989901	
14.73643	24.409291	24.3997029	24.2173048	24.1989901	
14.74655	24.409291	24.3997029	24.2173048	24.1989901	
14.75669	24.409291	24.3997029	24.2173048	24.1989901	
14.76682	24.409291	24.3997029	24.2173048	24.1989901	
14.77697	24.409291	24.3997029	24.2173048	24.1989901	
14.7872	24.409291	24.3997029	24.2173048	24.1989901	
14.79732	24.409291	24.3997029	24.2173048	24.1989901	
14.80743	24.409291	24.3997029	24.2173048	24.1989901	
14.8177	24.409291	24.3997029	24.2173048	24.1989901	
14.82777	24.409291	24.3997029	24.2173048	24.1989901	
14.83807	24.409291	24.3997029	24.2173048	24.1989901	
14.84812	24.409291	24.3997029	24.2173048	24.1989901	
14.85824	24.409291	24.3997029	24.2173048	24.1989901	
14.86838	24.409291	24.3997029	24.2173048	24.1989901	
14.87852	24.409291	24.3997029	24.2173048	24.1989901	
14.88874	24.409291	24.3997029	24.2173048	24.1989901	
14.89891	24.409291	24.3997029	24.2173048	24.1989901	
14.90901	24.409291	24.3997029	24.2173048	24.1989901	
14.91964	24.409291	24.3997029	24.2173048	24.1989901	
14.92978	24.409291	24.3997029	24.2173048	24.1989901	
14.94778	24.409291	24.3997029	24.2173048	24.1989901	
14.95237	24.409291	24.3997029	24.2173048	24.1989901	
14.96249	24.409291	24.3997029	24.2173048	24.1989901	
14.97266	24.409291	24.3997029	24.2173048	24.1989901	
14.98282	24.409291	24.3997029	24.2173048	24.1989901	
14.99298	24.409291	24.3997029	24.2173048	24.1989901	
15.00322	24.409291	24.3997029	24.2173048	24.1989901	
15.01332	24.409291	24.3997029	24.2173048	24.1989901	
15.0235	24.409291	24.3997029	24.2173048	24.1989901	
15.03371	24.409291	24.3997029	24.2173048	24.1989901	
15.04378	24.409291	24.3997029	24.2173048	24.1989901	
15.05392	24.409291	24.3997029	24.2173048	24.1989901	
15.06413	24.409291	24.3997029	24.2173048	24.1989901	
15.07427	24.409291	24.3997029	24.2173048	24.1989901	
15.08441	24.409291	24.3997029	24.2173048	24.1989901	
15.09454	24.409291	24.3997029	24.2173048	24.1989901	
15.10474	24.409291	24.3997029	24.2173048	24.1989901	
15.11495	24.409291	24.3997029	24.2173048	24.1989901	
15.12505	24.409291	24.3997029	24.2173048	24.1989901	
15.1354	24.409291	24.3997029	24.2173048	24.1989901	
15.14567	24.409291	24.3997029	24.2173048	24.1989901	
15.15551	24.409291	24.3997029	24.2173048	24.1989901	
15.16567	24.409291	24.3997029	24.2173048	24.1989901	
15.17582	24.409291	24.3997029	24.2173048	24.1989901	
15.18598	24.409291	24.3997029	24.2173048	24.1989901	
15.19616	24.409291	24.3997029	24.2173048	24.1989901	
15.20652	24.409291	24.3997029	24.2173048	24.1989901	
15.2165	24.409291	24.3997029	24.2173048	24.1989901	
15.22663	24.409291	24.3997029	24.2173048	24.1989901	
15.23673	24.409291	24.3997029	24.2173048	24.1989901	
15.24703	24.409291	24.3997029	24.2173048	24.1989901	
15.25709	24.409291	24.3997029	24.2173048	24.1989901	
15.26729	24.409291	24.3997029	24.2173048	24.1989901	
15.27748	24.409291	24.3997029	24.2173048	24.1989901	
15.2876	24.409291	24.3997029	24.2173048	24.1989901	
15.29772	24.409291	24.3997029	24.2173048	24.1989901	
15.30783	24.409291	24.3997029	24.2173048	24.1989901	
15.31802	24.409291	24.3997029	24.2173048	24.1989901	
15.3282	24.409291	24.3997029	24.2173048	24.1989901	
15.33834	24.409291	24.3997029	24.2173048	24.1989901	
15.34846	24.409291	24.3997029	24.2173048	24.1989901	
15.35865	24.409291	24.3997029	24.2173048	24.1989901	
15.36884	24.409291	24.3997029	24.2173048	24.1989901	
15.37902	24.409291	24.3997029	24.2173048	24.1989901	
15.38912	24.409291	24.3997029	24.2173048	24.1989901	
15.39926	24.409291	24.3997029	24.2173048	24.1989901	
15.40941	24.409291	24.3997029	24.2173048	24.1989901	
15.41955	24.409291	24.3997029	24.2173048	24.1989901	
15.4297	24.409291	24.3997029	24.2173048	24.1989901	
15.43984	24.409291	24.3997029	24.2173048	24.1989901	
15.45008	24.409291	24.3997029	24.2173048	24.1989901	
15.46017	24.409291	24.3997029	24.2173048	24.1989901	
15.47034	24.409291	24.3997029	24.2173048	24.1989901	
15.48045	24.409291	24.3997029	24.2173048	24.1989901	
15.4906	24.409291	24.3997029	24.2173048	24.1989901	
15.50074	24.409291	24.3997029	24.2173048	24.1989901	
15.5109	24.409291	24.3997029	24.2173048	24.1989901	
15.52105	24.409291	24.3997029	24.2173048	24.1989901	
15.53123	24.409291	24.3997029	24.2173048	24.1989901	
15.54143	24.409291	24.3997029	24.2173048	24.1989901	
15.55153	24.409291	24.3997029	24.2173048	24.1989901	
15.56175	24.409291	24.3997029	24.2173048	24.1989901	
15.57181	24.409291	24.3997029	24.2173048	24.1989901	
15.58255	24.409291	24.3997029	24.2173048	24.1989901	
15.59268	24.409291	24.3997029	24.2173048	24.1989901	
15.60283	24.409291	24.3997029	24.2173048	24.1989901	
15.61305	24.409291	24.3997029	24.2173048	24.1989901	
15.62318	24.409291	24.3997029	24.2173048	24.1989901	
15.63335	24.409291	24.3997029	24.2173048	24.1989901	
15.64349	24.409291	24.3997029	24.2173048	24.1989901	
15.65366	24.409291	24.3997029	24.2173048	24.1989901	
15.66381	24.409291	24.3997029	24.2173048	24.1989901	
15.67404	24.409291	24.3997029	24.2173048	24.1989901	
15.68415	24.409291	24.3997029	24.2173048	24.1989901	
15.69431	24.409291	24.3997029	24.2173048	24.1989901	
15.70451	24.409291	24.3997029	24.2173048	24.1989901	
15.71464	24.409291	24.3997029	24.2173048	24.1989901	
15.72478	24.409291	24.3997029	24.2173048	24.1989901	
15.73494	24.409291	24.3997029	24.2173048	24.1989901	
15.74512	24.409291	24.3997029	24.2173048	24.1989901	
15.7553	24.409291	24.3997029	24.2173048	24.1989901	
15.76544	24.409291	24.3997029	24.2173048	24.1989901	
15.77558	24.409291	24.3997029	24.2173048	24.1989901	
15.7858	24.409291	24.3997029	24.2173048	24.1989901	
15.79591	24.409291	24.3997029	24.2173048	24.1989901	
15.80603	24.409291	24.3997029	24.2173048	24.1989901	
15.81631	24.409291	24.3997029	24.2173048	24.1989901	
15.82639	24.409291	24.3997029	24.2173048	24.1989901	
15.83654	24.409291	24.3997029	24.2173048	24.1989901	
15.84669	24.409291	24.3997029	24.2173048	24.1989901	
15.85682	24.409291	24.3997029	24.2173048	24.1989901	
15.86703	24.409291	24.3997029	24.2173048	24.1989901	
15.87718	24.409291	24.3997029	24.2173048	24.1989901	
15.88728	24.409291	24.3997029	24.2173048	24.1989901	
15.89749	24.409291	24.3997029	24.2173048	24.1989901	
15.90768	24.409291	24.3997029	24.2173048	24.1989901	
15.91978	24.409291	24.3997029	24.2173048	24.1989901	
15.92783	24.409291	24.3997029	24.2173048	24.1989901	
15.93802	24.409291	24.3997029	24.2173048	24.1989901	
15.94813	24.409291	24.3997029	24.2173048	24.1989901	
15.95833	24.409291	24.3997029	24.2173048	24.1989901	
15.96847	24.409291	24.3997029	24.2173048	24.1989901	
15.97868	24.409291	24.3997029	24.2173048	24.1989901	
15.98884	24.409291	24.3997029	24.2173048	24.1989901	
15.99895	24.409291	24.3997029	24.2173048	24.1989901	
16.00908	24.409291	24.3997029	24.2173048	24.1989901	
16.01928	24.409291	24.3997029	24.2173048	24.1989901	
16.02939	24.409291	24.3997029	24.2173048	24.1989901	
16.03953	24.409291	24.3997029	24.2173048	24.1989901	
16.04972	24.409291	24.3997029	24.2173048	24.1989901	
16.05981	24.409291	24.3997029	24.2173048	24.1989901	
16.07785	24.409291	24.3997029	24.2173048	24.1989901	
16.08237	24.409291	24.3997029	24.2173048	24.1989901	
16.09252	24.409291	24.3997029	24.2173048	24.1989901	
16.10268	24.409291	24.3997029	24.2173048	24.1989901	
16.11284	24.409291	24.3997029	24.2173048	24.1989901	
16.12304	24.409291	24.3997029	24.2173048	24.1989901	
16.13316	24.409291	24.3997029	24.2173048	24.1989901	
16.14336	24.409291	24.3997029	24.2173048	24.1989901	
16.15354	24.409291	24.3997029	24.2173048	24.1989901	
16.16365	24.409291	24.3997029	24.2173048	24.1989901	
16.17382	24.409291	24.3997029	24.2173048	24.1989901	
16.18398	24.409291	24.3997029	24.2173048	24.1989901	
16.19418	24.409291	24.3997029	24.2173048	24.1989901	
16.20431	24.409291	24.3997029	24.2173048	24.1989901	
16.21447	24.409291	24.3997029	24.2173048	24.1989901	
16.22467	24.409291	24.3997029	24.2173048	24.1989901	
16.23483	24.409291	24.3997029	24.2173048	24.1989901	
16.24496	24.409291	24.3997029	24.2173048	24.1989901	
16.25515	24.409291	24.3997029	24.2173048	24.1989901	
16.2653	24.409291	24.3997029	24.2173048	24.1989901	
16.27544	24.409291	24.3997029	24.2173048	24.1989901	
16.28559	24.409291	24.3997029	24.2173048	24.1989901	
16.29572	24.409291	24.3997029	24.2173048	24.1989901	
16.3059	24.409291	24.3997029	24.2173048	24.1989901	
16.31604	24.409291	24.3997029	24.2173048	24.1989901	
16.32619	24.409291	24.3997029	24.2173048	24.1989901	
16.33639	24.409291	24.3997029	24.2173048	24.1989901	
16.34654	24.409291	24.3997029	24.2173048	24.1989901	
16.35666	24.409291	24.3997029	24.2173048	24.1989901	
16.36682	24.409291	24.3997029	24.2173048	24.1989901	
16.37701	24.409291	24.3997029	24.2173048	24.1989901	
16.3872	24.409291	24.3997029	24.2173048	24.1989901	
16.39828	24.409291	24.3997029	24.2173048	24.1989901	
16.40829	24.409291	24.3997029	24.2173048	24.1989901	
16.4184	24.409291	24.3997029	24.2173048	24.1989901	
16.42859	24.409291	24.3997029	24.2173048	24.1989901	
16.43911	24.409291	24.3997029	24.2173048	24.1989901	
16.44885	24.409291	24.3997029	24.2173048	24.1989901	
16.45899	24.409291	24.3997029	24.2173048	24.1989901	
16.46913	24.409291	24.3997029	24.2173048	24.1989901	
16.47928	24.409291	24.3997029	24.2173048	24.1989901	
16.48942	24.409291	24.3997029	24.2173048	24.1989901	
16.49957	24.409291	24.3997029	24.2173048	24.1989901	
16.50974	24.409291	24.3997029	24.2173048	24.1989901	
16.51987	24.409291	24.3997029	24.2173048	24.1989901	
16.53013	24.409291	24.3997029	24.2173048	24.1989901	
16.54018	24.409291	24.3997029	24.2173048	24.1989901	
16.55033	24.409291	24.3997029	24.2173048	24.1989901	
16.56048	24.409291	24.3997029	24.2173048	24.1989901	
16.57059	24.409291	24.3997029	24.2173048	24.1989901	
16.58073	24.409291	24.3997029	24.2173048	24.1989901	
16.5909	24.409291	24.3997029	24.2173048	24.1989901	
16.60106	24.409291	24.3997029	24.2173048	24.1989901	
16.61126	24.409291	24.3997029	24.2173048	24.1989901	
16.62135	24.409291	24.3997029	24.2173048	24.1989901	
16.63155	24.409291	24.3997029	24.2173048	24.1989901	
16.64174	24.409291	24.3997029	24.2173048	24.1989901	
16.65182	24.409291	24.3997029	24.2173048	24.1989901	
16.66198	24.409291	24.3997029	24.2173048	24.1989901	
16.67212	24.409291	24.3997029	24.2173048	24.1989901	
16.68232	24.409291	24.3997029	24.2173048	24.1989901	
16.69247	24.409291	24.3997029	24.2173048	24.1989901	
16.70263	24.409291	24.3997029	24.2173048	24.1989901	
16.71282	24.409291	24.3997029	24.2173048	24.1989901	
16.72295	24.409291	24.3997029	24.2173048	24.1989901	
16.73312	24.409291	24.3997029	24.2173048	24.1989901	
16.74329	24.409291	24.3997029	24.2173048	24.1989901	
16.75346	24.409291	24.3997029	24.2173048	24.1989901	
16.7636	24.409291	24.3997029	24.2173048	24.1989901	
16.77371	24.409291	24.3997029	24.2173048	24.1989901	
16.7839	24.409291	24.3997029	24.2173048	24.1989901	
16.7941	24.409291	24.3997029	24.2173048	24.1989901	
16.80418	24.409291	24.3997029	24.2173048	24.1989901	
16.81436	24.409291	24.3997029	24.2173048	24.1989901	
16.82455	24.409291	24.3997029	24.2173048	24.1989901	
16.83467	24.409291	24.3997029	24.2173048	24.1989901	
16.84484	24.409291	24.3997029	24.2173048	24.1989901	
16.855	24.409291	24.3997029	24.2173048	24.1989901	
16.86515	24.409291	24.3997029	24.2173048	24.1989901	
16.87536	24.409291	24.3997029	24.2173048	24.1989901	
16.88547	24.409291	24.3997029	24.2173048	24.1989901	
16.89564	24.409291	24.3997029	24.2173048	24.1989901	
16.90588	24.409291	24.3997029	24.2173048	24.1989901	
16.91594	24.409291	24.3997029	24.2173048	24.1989901	
16.92612	24.409291	24.3997029	24.2173048	24.1989901	
16.93627	24.409291	24.3997029	24.2173048	24.1989901	
16.9464	24.409291	24.3997029	24.2173048	24.1989901	
16.95651	24.409291	24.3997029	24.2173048	24.1989901	
16.9667	24.409291	24.3997029	24.2173048	24.1989901	
16.97686	24.409291	24.3997029	24.2173048	24.1989901	
16.98703	24.409291	24.3997029	24.2173048	24.1989901	
16.99716	24.409291	24.3997029	24.2173048	24.1989901	
17.00734	24.409291	24.3997029	24.2173048	24.1989901	
17.01749	24.409291	24.3997029	24.2173048	24.1989901	
17.02765	24.409291	24.3997029	24.2173048	24.1989901	
17.03779	24.409291	24.3997029	24.2173048	24.1989901	
17.04792	24.409291	24.3997029	24.2173048	24.1989901	
17.05805	24.409291	24.3997029	24.2173048	24.1989901	
17.06821	24.409291	24.3997029	24.2173048	24.1989901	
17.07836	24.409291	24.3997029	24.2173048	24.1989901	
17.08859	24.409291	24.3997029	24.2173048	24.1989901	
17.09867	24.409291	24.3997029	24.2173048	24.1989901	
17.10884	24.409291	24.3997029	24.2173048	24.1989901	
17.11894	24.409291	24.3997029	24.2173048	24.1989901	
17.12908	24.409291	24.3997029	24.2173048	24.1989901	
17.13985	24.409291	24.3997029	24.2173048	24.1989901	
17.14957	24.409291	24.3997029	24.2173048	24.1989901	
17.15973	24.409291	24.3997029	24.2173048	24.1989901	
17.16999	24.409291	24.3997029	24.2173048	24.1989901	
17.18008	24.409291	24.3997029	24.2173048	24.1989901	
17.1902	24.409291	24.3997029	24.2173048	24.1989901	
17.20036	24.409291	24.3997029	24.2173048	24.1989901	
17.21047	24.409291	24.3997029	24.2173048	24.1989901	
17.22062	24.409291	24.3997029	24.2173048	24.1989901	
17.23077	24.409291	24.3997029	24.2173048	24.1989901	
17.24095	24.409291	24.3997029	24.2173048	24.1989901	
17.25114	24.409291	24.3997029	24.2173048	24.1989901	
17.26123	24.409291	24.3997029	24.2173048	24.1989901	
17.27143	24.409291	24.3997029	24.2173048	24.1989901	
17.28158	24.409291	24.3997029	24.2173048	24.1989901	
17.29171	24.409291	24.3997029	24.2173048	24.1989901	
17.30184	24.409291	24.3997029	24.2173048	24.1989901	
17.31393	24.409291	24.3997029	24.2173048	24.1989901	
17.32216	24.409291	24.3997029	24.2173048	24.1989901	
17.33225	24.409291	24.3997029	24.2173048	24.1989901	
17.34239	24.409291	24.3997029	24.2173048	24.1989901	
17.3526	24.409291	24.3997029	24.2173048	24.1989901	
17.36275	24.409291	24.3997029	24.2173048	24.1989901	
17.37289	24.409291	24.3997029	24.2173048	24.1989901	
17.38307	24.409291	24.3997029	24.2173048	24.1989901	
17.39324	24.409291	24.3997029	24.2173048	24.1989901	
17.40343	24.409291	24.3997029	24.2173048	24.1989901	
17.41356	24.409291	24.3997029	24.2173048	24.1989901	
17.42388	24.409291	24.3997029	24.2173048	24.1989901	
17.43392	24.409291	24.3997029	24.2173048	24.1989901	
17.44407	24.409291	24.3997029	24.2173048	24.1989901	
17.45419	24.409291	24.3997029	24.2173048	24.1989901	
17.46438	24.409291	24.3997029	24.2173048	24.1989901	
17.4745	24.409291	24.3997029	24.2173048	24.1989901	
17.48463	24.409291	24.3997029	24.2173048	24.1989901	
17.49482	24.409291	24.3997029	24.2173048	24.1989901	
17.50498	24.409291	24.3997029	24.2173048	24.1989901	
17.51518	24.409291	24.3997029	24.2173048	24.1989901	
17.52528	24.409291	24.3997029	24.2173048	24.1989901	
17.53541	24.409291	24.3997029	24.2173048	24.1989901	
17.54573	24.409291	24.3997029	24.2173048	24.1989901	
17.55579	24.409291	24.3997029	24.2173048	24.1989901	
17.56598	24.409291	24.3997029	24.2173048	24.1989901	
17.57612	24.409291	24.3997029	24.2173048	24.1989901	
17.58631	24.409291	24.3997029	24.2173048	24.1989901	
17.59647	24.409291	24.3997029	24.2173048	24.1989901	
17.6066	24.409291	24.3997029	24.2173048	24.1989901	
17.61678	24.409291	24.3997029	24.2173048	24.1989901	
17.62694	24.409291	24.3997029	24.2173048	24.1989901	
17.63727	24.409291	24.3997029	24.2173048	24.1989901	
17.64727	24.409291	24.3997029	24.2173048	24.1989901	
17.65742	24.409291	24.3997029	24.2173048	24.1989901	
17.66757	24.409291	24.3997029	24.2173048	24.1989901	
17.67771	24.409291	24.3997029	24.2173048	24.1989901	
17.68786	24.409291	24.3997029	24.2173048	24.1989901	
17.69804	24.409291	24.3997029	24.2173048	24.1989901	
17.70816	24.409291	24.3997029	24.2173048	24.1989901	
17.7183	24.409291	24.3997029	24.2173048	24.1989901	
17.72849	24.409291	24.3997029	24.2173048	24.1989901	
17.73865	24.409291	24.3997029	24.2173048	24.1989901	
17.74874	24.409291	24.3997029	24.2173048	24.1989901	
17.75892	24.409291	24.3997029	24.2173048	24.1989901	
17.76903	24.409291	24.3997029	24.2173048	24.1989901	
17.77924	24.409291	24.3997029	24.2173048	24.1989901	
17.78934	24.409291	24.3997029	24.2173048	24.1989901	
17.79949	24.409291	24.3997029	24.2173048	24.1989901	
17.80964	24.409291	24.3997029	24.2173048	24.1989901	
17.81979	24.409291	24.3997029	24.2173048	24.1989901	
17.83001	24.409291	24.3997029	24.2173048	24.1989901	
17.84028	24.409291	24.3997029	24.2173048	24.1989901	
17.8503	24.409291	24.3997029	24.2173048	24.1989901	
17.86038	24.409291	24.3997029	24.2173048	24.1989901	
17.87052	24.409291	24.3997029	24.2173048	24.1989901	
17.88067	24.409291	24.3997029	24.2173048	24.1989901	
17.89083	24.409291	24.3997029	24.2173048	24.1989901	
17.90095	24.409291	24.3997029	24.2173048	24.1989901	
17.91111	24.409291	24.3997029	24.2173048	24.1989901	
17.92256	24.409291	24.3997029	24.2173048	24.1989901	
17.93934	24.409291	24.3997029	24.2173048	24.1989901	
17.94384	24.409291	24.3997029	24.2173048	24.1989901	
17.954	24.409291	24.3997029	24.2173048	24.1989901	
17.96417	24.409291	24.3997029	24.2173048	24.1989901	
17.97433	24.409291	24.3997029	24.2173048	24.1989901	
17.98451	24.409291	24.3997029	24.2173048	24.1989901	
17.99466	24.409291	24.3997029	24.2173048	24.1989901	
18.0048	24.409291	24.3997029	24.2173048	24.1989901	
18.01496	24.409291	24.3997029	24.2173048	24.1989901	
18.02512	24.409291	24.3997029	24.2173048	24.1989901	
18.03532	24.409291	24.3997029	24.2173048	24.1989901	
18.04545	24.409291	24.3997029	24.2173048	24.1989901	
18.05556	24.409291	24.3997029	24.2173048	24.1989901	
18.06578	24.409291	24.3997029	24.2173048	24.1989901	
18.07592	24.409291	24.3997029	24.2173048	24.1989901	
18.08605	24.409291	24.3997029	24.2173048	24.1989901	
18.09622	24.409291	24.3997029	24.2173048	24.1989901	
18.10638	24.409291	24.3997029	24.2173048	24.1989901	
18.11652	24.409291	24.3997029	24.2173048	24.1989901	
18.12667	24.409291	24.3997029	24.2173048	24.1989901	
18.13683	24.409291	24.3997029	24.2173048	24.1989901	
18.14702	24.409291	24.3997029	24.2173048	24.1989901	
18.15716	24.409291	24.3997029	24.2173048	24.1989901	
18.16734	24.409291	24.3997029	24.2173048	24.1989901	
18.17752	24.409291	24.3997029	24.2173048	24.1989901	
18.18764	24.409291	24.3997029	24.2173048	24.1989901	
18.19779	24.409291	24.3997029	24.2173048	24.1989901	
18.20794	24.409291	24.3997029	24.2173048	24.1989901	
18.21808	24.409291	24.3997029	24.2173048	24.1989901	
18.22824	24.409291	24.3997029	24.2173048	24.1989901	
18.23839	24.409291	24.3997029	24.2173048	24.1989901	
18.2486	24.409291	24.3997029	24.2173048	24.1989901	
18.25868	24.409291	24.3997029	24.2173048	24.1989901	
18.26919	24.409291	24.3997029	24.2173048	24.1989901	
18.27898	24.409291	24.3997029	24.2173048	24.1989901	
18.2891	24.409291	24.3997029	24.2173048	24.1989901	
18.29926	24.409291	24.3997029	24.2173048	24.1989901	
18.30937	24.409291	24.3997029	24.2173048	24.1989901	
18.31953	24.409291	24.3997029	24.2173048	24.1989901	
18.32968	24.409291	24.3997029	24.2173048	24.1989901	
18.33982	24.409291	24.3997029	24.2173048	24.1989901	
18.35786	24.409291	24.3997029	24.2173048	24.1989901	
18.3624	24.409291	24.3997029	24.2173048	24.1989901	
18.37254	24.409291	24.3997029	24.2173048	24.1989901	
18.38268	24.409291	24.3997029	24.2173048	24.1989901	
18.40157	24.409291	24.3997029	24.2173048	24.1989901	
18.40611	24.409291	24.3997029	24.2173048	24.1989901	
18.41628	24.409291	24.3997029	24.2173048	24.1989901	
18.42644	24.409291	24.3997029	24.2173048	24.1989901	
18.43658	24.409291	24.3997029	24.2173048	24.1989901	
18.44673	24.409291	24.3997029	24.2173048	24.1989901	
18.45689	24.409291	24.3997029	24.2173048	24.1989901	
18.46706	24.409291	24.3997029	24.2173048	24.1989901	
18.47721	24.409291	24.3997029	24.2173048	24.1989901	
18.48757	24.409291	24.3997029	24.2173048	24.1989901	
18.49754	24.409291	24.3997029	24.2173048	24.1989901	
18.50767	24.409291	24.3997029	24.2173048	24.1989901	
18.51782	24.409291	24.3997029	24.2173048	24.1989901	
18.52796	24.409291	24.3997029	24.2173048	24.1989901	
18.53817	24.409291	24.3997029	24.2173048	24.1989901	
18.54826	24.409291	24.3997029	24.2173048	24.1989901	
18.55836	24.409291	24.3997029	24.2173048	24.1989901	
18.56862	24.409291	24.3997029	24.2173048	24.1989901	
18.57871	24.409291	24.3997029	24.2173048	24.1989901	
18.58889	24.409291	24.3997029	24.2173048	24.1989901	
18.59901	24.409291	24.3997029	24.2173048	24.1989901	
18.60915	24.409291	24.3997029	24.2173048	24.1989901	
18.61935	24.409291	24.3997029	24.2173048	24.1989901	
18.62944	24.409291	24.3997029	24.2173048	24.1989901	
18.63978	24.409291	24.3997029	24.2173048	24.1989901	
18.64979	24.409291	24.3997029	24.2173048	24.1989901	
18.65994	24.409291	24.3997029	24.2173048	24.1989901	
18.6701	24.409291	24.3997029	24.2173048	24.1989901	
18.6802	24.409291	24.3997029	24.2173048	24.1989901	
18.69038	24.409291	24.3997029	24.2173048	24.1989901	
18.7005	24.409291	24.3997029	24.2173048	24.1989901	
18.71063	24.409291	24.3997029	24.2173048	24.1989901	
18.72081	24.409291	24.3997029	24.2173048	24.1989901	
18.73092	24.409291	24.3997029	24.2173048	24.1989901	
18.74106	24.409291	24.3997029	24.2173048	24.1989901	
18.75121	24.409291	24.3997029	24.2173048	24.1989901	
18.76138	24.409291	24.3997029	24.2173048	24.1989901	
18.77977	24.409291	24.3997029	24.2173048	24.1989901	
18.78432	24.409291	24.3997029	24.2173048	24.1989901	
18.79448	24.409291	24.3997029	24.2173048	24.1989901	
18.80462	24.409291	24.3997029	24.2173048	24.1989901	
18.8148	24.409291	24.3997029	24.2173048	24.1989901	
18.82496	24.409291	24.3997029	24.2173048	24.1989901	
18.83512	24.409291	24.3997029	24.2173048	24.1989901	
18.84527	24.409291	24.3997029	24.2173048	24.1989901	
18.85541	24.409291	24.3997029	24.2173048	24.1989901	
18.86558	24.409291	24.3997029	24.2173048	24.1989901	
18.87572	24.409291	24.3997029	24.2173048	24.1989901	
18.88589	24.409291	24.3997029	24.2173048	24.1989901	
18.89602	24.409291	24.3997029	24.2173048	24.1989901	
18.90624	24.409291	24.3997029	24.2173048	24.1989901	
18.91634	24.409291	24.3997029	24.2173048	24.1989901	
18.9364	24.409291	24.3997029	24.2173048	24.1989901	
18.94093	24.409291	24.3997029	24.2173048	24.1989901	
18.95108	24.409291	24.3997029	24.2173048	24.1989901	
18.96129	24.409291	24.3997029	24.2173048	24.1989901	
18.97941	24.409291	24.3997029	24.2173048	24.1989901	
18.98401	24.409291	24.3997029	24.2173048	24.1989901	
18.99414	24.409291	24.3997029	24.2173048	24.1989901	
19.00425	24.409291	24.3997029	24.2173048	24.1989901	
19.01443	24.409291	24.3997029	24.2173048	24.1989901	
19.02462	24.409291	24.3997029	24.2173048	24.1989901	
19.03474	24.409291	24.3997029	24.2173048	24.1989901	
19.04489	24.409291	24.3997029	24.2173048	24.1989901	
19.055	24.409291	24.3997029	24.2173048	24.1989901	
19.06517	24.409291	24.3997029	24.2173048	24.1989901	
19.0754	24.409291	24.3997029	24.2173048	24.1989901	
19.08548	24.409291	24.3997029	24.2173048	24.1989901	
19.09563	24.409291	24.3997029	24.2173048	24.1989901	
19.10583	24.409291	24.3997029	24.2173048	24.1989901	
19.11597	24.409291	24.3997029	24.2173048	24.1989901	
19.12611	24.409291	24.3997029	24.2173048	24.1989901	
19.13624	24.409291	24.3997029	24.2173048	24.1989901	
19.14645	24.409291	24.3997029	24.2173048	24.1989901	
19.15653	24.409291	24.3997029	24.2173048	24.1989901	
19.16673	24.409291	24.3997029	24.2173048	24.1989901	
19.1769	24.409291	24.3997029	24.2173048	24.1989901	
19.18705	24.409291	24.3997029	24.2173048	24.1989901	
19.1972	24.409291	24.3997029	24.2173048	24.1989901	
19.2073	24.409291	24.3997029	24.2173048	24.1989901	
19.21755	24.409291	24.3997029	24.2173048	24.1989901	
19.22769	24.409291	24.3997029	24.2173048	24.1989901	
19.23781	24.409291	24.3997029	24.2173048	24.1989901	
19.24797	24.409291	24.3997029	24.2173048	24.1989901	
19.25817	24.409291	24.3997029	24.2173048	24.1989901	
19.26828	24.409291	24.3997029	24.2173048	24.1989901	
19.27842	24.409291	24.3997029	24.2173048	24.1989901	
19.28868	24.409291	24.3997029	24.2173048	24.1989901	
19.2987	24.409291	24.3997029	24.2173048	24.1989901	
19.30886	24.409291	24.3997029	24.2173048	24.1989901	
19.31902	24.409291	24.3997029	24.2173048	24.1989901	
19.32917	24.409291	24.3997029	24.2173048	24.1989901	
19.33934	24.409291	24.3997029	24.2173048	24.1989901	
19.34945	24.409291	24.3997029	24.2173048	24.1989901	
19.35959	24.409291	24.3997029	24.2173048	24.1989901	
19.36975	24.409291	24.3997029	24.2173048	24.1989901	
19.37994	24.409291	24.3997029	24.2173048	24.1989901	
19.39013	24.409291	24.3997029	24.2173048	24.1989901	
19.40021	24.409291	24.3997029	24.2173048	24.1989901	
19.4104	24.409291	24.3997029	24.2173048	24.1989901	
19.42063	24.409291	24.3997029	24.2173048	24.1989901	
19.43064	24.409291	24.3997029	24.2173048	24.1989901	
19.44081	24.409291	24.3997029	24.2173048	24.1989901	
19.45094	24.409291	24.3997029	24.2173048	24.1989901	
19.46108	24.409291	24.3997029	24.2173048	24.1989901	
19.47123	24.409291	24.3997029	24.2173048	24.1989901	
19.48145	24.409291	24.3997029	24.2173048	24.1989901	
19.49163	24.409291	24.3997029	24.2173048	24.1989901	
19.50175	24.409291	24.3997029	24.2173048	24.1989901	
19.5119	24.409291	24.3997029	24.2173048	24.1989901	
19.52215	24.409291	24.3997029	24.2173048	24.1989901	
19.53232	24.409291	24.3997029	24.2173048	24.1989901	
19.54239	24.409291	24.3997029	24.2173048	24.1989901	
19.55254	24.409291	24.3997029	24.2173048	24.1989901	
19.5627	24.409291	24.3997029	24.2173048	24.1989901	
19.57285	24.409291	24.3997029	24.2173048	24.1989901	
19.583	24.409291	24.3997029	24.2173048	24.1989901	
19.59318	24.409291	24.3997029	24.2173048	24.1989901	
19.60336	24.409291	24.3997029	24.2173048	24.1989901	
19.61348	24.409291	24.3997029	24.2173048	24.1989901	
19.62363	24.409291	24.3997029	24.2173048	24.1989901	
19.6338	24.409291	24.3997029	24.2173048	24.1989901	
19.644	24.409291	24.3997029	24.2173048	24.1989901	
19.65412	24.409291	24.3997029	24.2173048	24.1989901	
19.66428	24.409291	24.3997029	24.2173048	24.1989901	
19.67447	24.409291	24.3997029	24.2173048	24.1989901	
19.68459	24.409291	24.3997029	24.2173048	24.1989901	
19.69477	24.409291	24.3997029	24.2173048	24.1989901	
19.70491	24.409291	24.3997029	24.2173048	24.1989901	
19.71508	24.409291	24.3997029	24.2173048	24.1989901	
19.72521	24.409291	24.3997029	24.2173048	24.1989901	
19.73537	24.409291	24.3997029	24.2173048	24.1989901	
19.74555	24.409291	24.3997029	24.2173048	24.1989901	
19.75572	24.409291	24.3997029	24.2173048	24.1989901	
19.76586	24.409291	24.3997029	24.2173048	24.1989901	
19.77598	24.409291	24.3997029	24.2173048	24.1989901	
19.7862	24.409291	24.3997029	24.2173048	24.1989901	
19.79632	24.409291	24.3997029	24.2173048	24.1989901	
19.80643	24.409291	24.3997029	24.2173048	24.1989901	
19.81669	24.409291	24.3997029	24.2173048	24.1989901	
19.82677	24.409291	24.3997029	24.2173048	24.1989901	
19.83692	24.409291	24.3997029	24.2173048	24.1989901	
19.84787	24.409291	24.3997029	24.2173048	24.1989901	
19.85778	24.409291	24.3997029	24.2173048	24.1989901	
19.86795	24.409291	24.3997029	24.2173048	24.1989901	
19.87812	24.409291	24.3997029	24.2173048	24.1989901	
19.88822	24.409291	24.3997029	24.2173048	24.1989901	
19.89845	24.409291	24.3997029	24.2173048	24.1989901	
19.9086	24.409291	24.3997029	24.2173048	24.1989901	
19.9187	24.409291	24.3997029	24.2173048	24.1989901	
19.93912	24.409291	24.3997029	24.2173048	24.1989901	
19.94366	24.409291	24.3997029	24.2173048	24.1989901	
19.95378	24.409291	24.3997029	24.2173048	24.1989901	
19.96397	24.409291	24.3997029	24.2173048	24.1989901	
19.97411	24.409291	24.3997029	24.2173048	24.1989901	
19.98429	24.409291	24.3997029	24.2173048	24.1989901	
19.99448	24.409291	24.3997029	24.2173048	24.1989901	
20.00459	24.409291	24.3997029	24.2173048	24.1989901	
20.01475	24.409291	24.3997029	24.2173048	24.1989901	
20.02494	24.409291	24.3997029	24.2173048	24.1989901	
20.03507	24.409291	24.3997029	24.2173048	24.1989901	
20.04522	24.409291	24.3997029	24.2173048	24.1989901	
20.06336	24.409291	24.3997029	24.2173048	24.1989901	
20.06799	24.409291	24.3997029	24.2173048	24.1989901	
20.07814	24.409291	24.3997029	24.2173048	24.1989901	
20.08827	24.409291	24.3997029	24.2173048	24.1989901	
20.09846	24.409291	24.3997029	24.2173048	24.1989901	
20.1086	24.409291	24.3997029	24.2173048	24.1989901	
20.11873	24.409291	24.3997029	24.2173048	24.1989901	
20.12888	24.409291	24.3997029	24.2173048	24.1989901	
20.13903	24.409291	24.3997029	24.2173048	24.1989901	
20.14917	24.409291	24.3997029	24.2173048	24.1989901	
20.15934	24.409291	24.3997029	24.2173048	24.1989901	
20.16946	24.409291	24.3997029	24.2173048	24.1989901	
20.17967	24.409291	24.3997029	24.2173048	24.1989901	
20.1898	24.409291	24.3997029	24.2173048	24.1989901	
20.2	24.409291	24.3997029	24.2173048	24.1989901	
20.21022	24.409291	24.3997029	24.2173048	24.1989901	
20.22031	24.409291	24.3997029	24.2173048	24.1989901	
20.23038	24.409291	24.3997029	24.2173048	24.1989901	
20.24054	24.409291	24.3997029	24.2173048	24.1989901	
20.25066	24.409291	24.3997029	24.2173048	24.1989901	
20.26094	24.409291	24.3997029	24.2173048	24.1989901	
20.27098	24.409291	24.3997029	24.2173048	24.1989901	
20.28112	24.409291	24.3997029	24.2173048	24.1989901	
20.29125	24.409291	24.3997029	24.2173048	24.1989901	
20.30926	24.409291	24.3997029	24.2173048	24.1989901	
20.3138	24.409291	24.3997029	24.2173048	24.1989901	
20.32393	24.409291	24.3997029	24.2173048	24.1989901	
20.33409	24.409291	24.3997029	24.2173048	24.1989901	
20.34441	24.409291	24.3997029	24.2173048	24.1989901	
20.35445	24.409291	24.3997029	24.2173048	24.1989901	
20.36455	24.409291	24.3997029	24.2173048	24.1989901	
20.37472	24.409291	24.3997029	24.2173048	24.1989901	
20.38488	24.409291	24.3997029	24.2173048	24.1989901	
20.40583	24.409291	24.3997029	24.2173048	24.1989901	
20.41045	24.409291	24.3997029	24.2173048	24.1989901	
20.42052	24.409291	24.3997029	24.2173048	24.1989901	
20.43067	24.409291	24.3997029	24.2173048	24.1989901	
20.4408	24.409291	24.3997029	24.2173048	24.1989901	
20.45097	24.409291	24.3997029	24.2173048	24.1989901	
20.4611	24.409291	24.3997029	24.2173048	24.1989901	
20.47127	24.409291	24.3997029	24.2173048	24.1989901	
20.48143	24.409291	24.3997029	24.2173048	24.1989901	
20.49172	24.409291	24.3997029	24.2173048	24.1989901	
20.50184	24.409291	24.3997029	24.2173048	24.1989901	
20.512	24.409291	24.3997029	24.2173048	24.1989901	
20.52223	24.409291	24.3997029	24.2173048	24.1989901	
20.5323	24.409291	24.3997029	24.2173048	24.1989901	
20.54246	24.409291	24.3997029	24.2173048	24.1989901	
20.55258	24.409291	24.3997029	24.2173048	24.1989901	
20.56304	24.409291	24.3997029	24.2173048	24.1989901	
20.57319	24.409291	24.3997029	24.2173048	24.1989901	
20.58307	24.409291	24.3997029	24.2173048	24.1989901	
20.59326	24.409291	24.3997029	24.2173048	24.1989901	
20.60342	24.409291	24.3997029	24.2173048	24.1989901	
20.61357	24.409291	24.3997029	24.2173048	24.1989901	
20.62373	24.409291	24.3997029	24.2173048	24.1989901	
20.6339	24.409291	24.3997029	24.2173048	24.1989901	
20.64411	24.409291	24.3997029	24.2173048	24.1989901	
20.65418	24.409291	24.3997029	24.2173048	24.1989901	
20.66438	24.409291	24.3997029	24.2173048	24.1989901	
20.67456	24.409291	24.3997029	24.2173048	24.1989901	
20.68469	24.409291	24.3997029	24.2173048	24.1989901	
20.69484	24.409291	24.3997029	24.2173048	24.1989901	
20.70504	24.409291	24.3997029	24.2173048	24.1989901	
20.71518	24.409291	24.3997029	24.2173048	24.1989901	
20.72533	24.409291	24.3997029	24.2173048	24.1989901	
20.73547	24.409291	24.3997029	24.2173048	24.1989901	
20.74566	24.409291	24.3997029	24.2173048	24.1989901	
20.75582	24.409291	24.3997029	24.2173048	24.1989901	
20.76596	24.409291	24.3997029	24.2173048	24.1989901	
20.77614	24.409291	24.3997029	24.2173048	24.1989901	
20.78632	24.409291	24.3997029	24.2173048	24.1989901	
20.7964	24.409291	24.3997029	24.2173048	24.1989901	
20.80652	24.409291	24.3997029	24.2173048	24.1989901	
20.81673	24.409291	24.3997029	24.2173048	24.1989901	
20.82686	24.409291	24.3997029	24.2173048	24.1989901	
20.83702	24.409291	24.3997029	24.2173048	24.1989901	
20.84717	24.409291	24.3997029	24.2173048	24.1989901	
20.85734	24.409291	24.3997029	24.2173048	24.1989901	
20.86756	24.409291	24.3997029	24.2173048	24.1989901	
20.87765	24.409291	24.3997029	24.2173048	24.1989901	
20.88779	24.409291	24.3997029	24.2173048	24.1989901	
20.89797	24.409291	24.3997029	24.2173048	24.1989901	
20.9081	24.409291	24.3997029	24.2173048	24.1989901	
20.91823	24.409291	24.3997029	24.2173048	24.1989901	
20.9305	24.409291	24.3997029	24.2173048	24.1989901	
20.93853	24.409291	24.3997029	24.2173048	24.1989901	
20.94912	24.409291	24.3997029	24.2173048	24.1989901	
20.95876	24.409291	24.3997029	24.2173048	24.1989901	
20.96896	24.409291	24.3997029	24.2173048	24.1989901	
20.97912	24.409291	24.3997029	24.2173048	24.1989901	
20.98924	24.409291	24.3997029	24.2173048	24.1989901	
20.99942	24.409291	24.3997029	24.2173048	24.1989901	
21.00956	24.409291	24.3997029	24.2173048	24.1989901	
21.01977	24.409291	24.3997029	24.2173048	24.1989901	
21.02994	24.409291	24.3997029	24.2173048	24.1989901	
21.04008	24.409291	24.3997029	24.2173048	24.1989901	
21.05025	24.409291	24.3997029	24.2173048	24.1989901	
21.06036	24.409291	24.3997029	24.2173048	24.1989901	
21.07046	24.409291	24.3997029	24.2173048	24.1989901	
21.0806	24.409291	24.3997029	24.2173048	24.1989901	
21.09079	24.409291	24.3997029	24.2173048	24.1989901	
21.10095	24.409291	24.3997029	24.2173048	24.1989901	
21.11109	24.409291	24.3997029	24.2173048	24.1989901	
21.12122	24.409291	24.3997029	24.2173048	24.1989901	
21.13142	24.409291	24.3997029	24.2173048	24.1989901	
21.14176	24.409291	24.3997029	24.2173048	24.1989901	
21.15171	24.409291	24.3997029	24.2173048	24.1989901	
21.16185	24.409291	24.3997029	24.2173048	24.1989901	
21.172	24.409291	24.3997029	24.2173048	24.1989901	
21.18216	24.409291	24.3997029	24.2173048	24.1989901	
21.19234	24.409291	24.3997029	24.2173048	24.1989901	
21.20256	24.409291	24.3997029	24.2173048	24.1989901	
21.21264	24.409291	24.3997029	24.2173048	24.1989901	
21.22278	24.409291	24.3997029	24.2173048	24.1989901	
21.23298	24.409291	24.3997029	24.2173048	24.1989901	
21.24313	24.409291	24.3997029	24.2173048	24.1989901	
21.25326	24.409291	24.3997029	24.2173048	24.1989901	
21.26343	24.409291	24.3997029	24.2173048	24.1989901	
21.27356	24.409291	24.3997029	24.2173048	24.1989901	
21.28379	24.409291	24.3997029	24.2173048	24.1989901	
21.29386	24.409291	24.3997029	24.2173048	24.1989901	
21.304	24.409291	24.3997029	24.2173048	24.1989901	
21.31427	24.409291	24.3997029	24.2173048	24.1989901	
21.32434	24.409291	24.3997029	24.2173048	24.1989901	
21.33448	24.409291	24.3997029	24.2173048	24.1989901	
21.34464	24.409291	24.3997029	24.2173048	24.1989901	
21.3548	24.409291	24.3997029	24.2173048	24.1989901	
21.36495	24.409291	24.3997029	24.2173048	24.1989901	
21.3751	24.409291	24.3997029	24.2173048	24.1989901	
21.38527	24.409291	24.3997029	24.2173048	24.1989901	
21.39543	24.409291	24.3997029	24.2173048	24.1989901	
21.40557	24.409291	24.3997029	24.2173048	24.1989901	
21.41578	24.409291	24.3997029	24.2173048	24.1989901	
21.4259	24.409291	24.3997029	24.2173048	24.1989901	
21.43605	24.409291	24.3997029	24.2173048	24.1989901	
21.44621	24.409291	24.3997029	24.2173048	24.1989901	
21.45635	24.409291	24.3997029	24.2173048	24.1989901	
21.46656	24.409291	24.3997029	24.2173048	24.1989901	
21.47666	24.409291	24.3997029	24.2173048	24.1989901	
21.4868	24.409291	24.3997029	24.2173048	24.1989901	
21.497	24.409291	24.3997029	24.2173048	24.1989901	
21.50711	24.409291	24.3997029	24.2173048	24.1989901	
21.51735	24.409291	24.3997029	24.2173048	24.1989901	
21.52775	24.409291	24.3997029	24.2173048	24.1989901	
21.53765	24.409291	24.3997029	24.2173048	24.1989901	
21.54782	24.409291	24.3997029	24.2173048	24.1989901	
21.55789	24.409291	24.3997029	24.2173048	24.1989901	
21.56803	24.409291	24.3997029	24.2173048	24.1989901	
21.57828	24.409291	24.3997029	24.2173048	24.1989901	
21.58863	24.409291	24.3997029	24.2173048	24.1989901	
21.59861	24.409291	24.3997029	24.2173048	24.1989901	
21.60875	24.409291	24.3997029	24.2173048	24.1989901	
21.61921	24.409291	24.3997029	24.2173048	24.1989901	
21.62901	24.409291	24.3997029	24.2173048	24.1989901	
21.63915	24.409291	24.3997029	24.2173048	24.1989901	
21.64933	24.409291	24.3997029	24.2173048	24.1989901	
21.65945	24.409291	24.3997029	24.2173048	24.1989901	
21.66961	24.409291	24.3997029	24.2173048	24.1989901	
21.67979	24.409291	24.3997029	24.2173048	24.1989901	
21.68996	24.409291	24.3997029	24.2173048	24.1989901	
21.7001	24.409291	24.3997029	24.2173048	24.1989901	
21.71019	24.409291	24.3997029	24.2173048	24.1989901	
21.72068	24.409291	24.3997029	24.2173048	24.1989901	
21.73059	24.409291	24.3997029	24.2173048	24.1989901	
21.74064	24.409291	24.3997029	24.2173048	24.1989901	
21.75079	24.409291	24.3997029	24.2173048	24.1989901	
21.76093	24.409291	24.3997029	24.2173048	24.1989901	
21.77109	24.409291	24.3997029	24.2173048	24.1989901	
21.78122	24.409291	24.3997029	24.2173048	24.1989901	
21.79142	24.409291	24.3997029	24.2173048	24.1989901	
21.80157	24.409291	24.3997029	24.2173048	24.1989901	
21.81169	24.409291	24.3997029	24.2173048	24.1989901	
21.82206	24.409291	24.3997029	24.2173048	24.1989901	
21.83214	24.409291	24.3997029	24.2173048	24.1989901	
21.84236	24.409291	24.3997029	24.2173048	24.1989901	
21.85246	24.409291	24.3997029	24.2173048	24.1989901	
21.8626	24.409291	24.3997029	24.2173048	24.1989901	
21.8728	24.409291	24.3997029	24.2173048	24.1989901	
21.88293	24.409291	24.3997029	24.2173048	24.1989901	
21.89308	24.409291	24.3997029	24.2173048	24.1989901	
21.90323	24.409291	24.3997029	24.2173048	24.1989901	
21.9134	24.409291	24.3997029	24.2173048	24.1989901	
21.92359	24.409291	24.3997029	24.2173048	24.1989901	
21.94382	24.409291	24.3997029	24.2173048	24.1989901	
21.94834	24.409291	24.3997029	24.2173048	24.1989901	
21.95848	24.409291	24.3997029	24.2173048	24.1989901	
21.96868	24.409291	24.3997029	24.2173048	24.1989901	
21.97884	24.409291	24.3997029	24.2173048	24.1989901	
21.98898	24.409291	24.3997029	24.2173048	24.1989901	
21.99913	24.409291	24.3997029	24.2173048	24.1989901	
22.00928	24.409291	24.3997029	24.2173048	24.1989901	
22.01942	24.409291	24.3997029	24.2173048	24.1989901	
22.02956	24.409291	24.3997029	24.2173048	24.1989901	
22.03972	24.409291	24.3997029	24.2173048	24.1989901	
22.04984	24.409291	24.3997029	24.2173048	24.1989901	
22.06006	24.409291	24.3997029	24.2173048	24.1989901	
22.07017	24.409291	24.3997029	24.2173048	24.1989901	
22.08034	24.409291	24.3997029	24.2173048	24.1989901	
22.09048	24.409291	24.3997029	24.2173048	24.1989901	
22.10061	24.409291	24.3997029	24.2173048	24.1989901	
22.11074	24.409291	24.3997029	24.2173048	24.1989901	
22.12092	24.409291	24.3997029	24.2173048	24.1989901	
22.13104	24.409291	24.3997029	24.2173048	24.1989901	
22.1417	24.409291	24.3997029	24.2173048	24.1989901	
22.15141	24.409291	24.3997029	24.2173048	24.1989901	
22.16158	24.409291	24.3997029	24.2173048	24.1989901	
22.17958	24.409291	24.3997029	24.2173048	24.1989901	
22.1841	24.409291	24.3997029	24.2173048	24.1989901	
22.19434	24.409291	24.3997029	24.2173048	24.1989901	
22.20442	24.409291	24.3997029	24.2173048	24.1989901	
22.21456	24.409291	24.3997029	24.2173048	24.1989901	
22.22472	24.409291	24.3997029	24.2173048	24.1989901	
22.23489	24.409291	24.3997029	24.2173048	24.1989901	
22.24506	24.409291	24.3997029	24.2173048	24.1989901	
22.2552	24.409291	24.3997029	24.2173048	24.1989901	
22.26536	24.409291	24.3997029	24.2173048	24.1989901	
22.27553	24.409291	24.3997029	24.2173048	24.1989901	
22.28567	24.409291	24.3997029	24.2173048	24.1989901	
22.29582	24.409291	24.3997029	24.2173048	24.1989901	
22.30593	24.409291	24.3997029	24.2173048	24.1989901	
22.31798	24.409291	24.3997029	24.2173048	24.1989901	
22.32804	24.409291	24.3997029	24.2173048	24.1989901	
22.33823	24.409291	24.3997029	24.2173048	24.1989901	
22.34831	24.409291	24.3997029	24.2173048	24.1989901	
22.35853	24.409291	24.3997029	24.2173048	24.1989901	
22.36867	24.409291	24.3997029	24.2173048	24.1989901	
22.37882	24.409291	24.3997029	24.2173048	24.1989901	
22.39026	24.409291	24.3997029	24.2173048	24.1989901	
22.39911	24.409291	24.3997029	24.2173048	24.1989901	
22.40926	24.409291	24.3997029	24.2173048	24.1989901	
22.41941	24.409291	24.3997029	24.2173048	24.1989901	
22.42972	24.409291	24.3997029	24.2173048	24.1989901	
22.43988	24.409291	24.3997029	24.2173048	24.1989901	
22.45008	24.409291	24.3997029	24.2173048	24.1989901	
22.46019	24.409291	24.3997029	24.2173048	24.1989901	
22.47038	24.409291	24.3997029	24.2173048	24.1989901	
22.48043	24.409291	24.3997029	24.2173048	24.1989901	
22.49066	24.409291	24.3997029	24.2173048	24.1989901	
22.50075	24.409291	24.3997029	24.2173048	24.1989901	
22.51089	24.409291	24.3997029	24.2173048	24.1989901	
22.52107	24.409291	24.3997029	24.2173048	24.1989901	
22.5312	24.409291	24.3997029	24.2173048	24.1989901	
22.54131	24.409291	24.3997029	24.2173048	24.1989901	
22.55951	24.409291	24.3997029	24.2173048	24.1989901	
22.56455	24.409291	24.3997029	24.2173048	24.1989901	
22.57469	24.409291	24.3997029	24.2173048	24.1989901	
22.58488	24.409291	24.3997029	24.2173048	24.1989901	
22.59503	24.409291	24.3997029	24.2173048	24.1989901	
22.60516	24.409291	24.3997029	24.2173048	24.1989901	
22.6153	24.409291	24.3997029	24.2173048	24.1989901	
22.62547	24.409291	24.3997029	24.2173048	24.1989901	
22.63567	24.409291	24.3997029	24.2173048	24.1989901	
22.64598	24.409291	24.3997029	24.2173048	24.1989901	
22.65612	24.409291	24.3997029	24.2173048	24.1989901	
22.66637	24.409291	24.3997029	24.2173048	24.1989901	
22.67644	24.409291	24.3997029	24.2173048	24.1989901	
22.68659	24.409291	24.3997029	24.2173048	24.1989901	
22.69673	24.409291	24.3997029	24.2173048	24.1989901	
22.7069	24.409291	24.3997029	24.2173048	24.1989901	
22.71704	24.409291	24.3997029	24.2173048	24.1989901	
22.7272	24.409291	24.3997029	24.2173048	24.1989901	
22.73736	24.409291	24.3997029	24.2173048	24.1989901	
22.74752	24.409291	24.3997029	24.2173048	24.1989901	
22.75765	24.409291	24.3997029	24.2173048	24.1989901	
22.76781	24.409291	24.3997029	24.2173048	24.1989901	
22.77797	24.409291	24.3997029	24.2173048	24.1989901	
22.78811	24.409291	24.3997029	24.2173048	24.1989901	
22.79826	24.409291	24.3997029	24.2173048	24.1989901	
22.80835	24.409291	24.3997029	24.2173048	24.1989901	
22.81876	24.409291	24.3997029	24.2173048	24.1989901	
22.8287	24.409291	24.3997029	24.2173048	24.1989901	
22.83884	24.409291	24.3997029	24.2173048	24.1989901	
22.84903	24.409291	24.3997029	24.2173048	24.1989901	
22.85912	24.409291	24.3997029	24.2173048	24.1989901	
22.86927	24.409291	24.3997029	24.2173048	24.1989901	
22.87944	24.409291	24.3997029	24.2173048	24.1989901	
22.88957	24.409291	24.3997029	24.2173048	24.1989901	
22.8998	24.409291	24.3997029	24.2173048	24.1989901	
22.90987	24.409291	24.3997029	24.2173048	24.1989901	
22.92007	24.409291	24.3997029	24.2173048	24.1989901	
22.93021	24.409291	24.3997029	24.2173048	24.1989901	
22.94037	24.409291	24.3997029	24.2173048	24.1989901	
22.95044	24.409291	24.3997029	24.2173048	24.1989901	
22.96059	24.409291	24.3997029	24.2173048	24.1989901	
22.97079	24.409291	24.3997029	24.2173048	24.1989901	
22.98093	24.409291	24.3997029	24.2173048	24.1989901	
22.99107	24.409291	24.3997029	24.2173048	24.1989901	
23.00124	24.409291	24.3997029	24.2173048	24.1989901	
23.01142	24.409291	24.3997029	24.2173048	24.1989901	
23.02155	24.409291	24.3997029	24.2173048	24.1989901	
23.03167	24.409291	24.3997029	24.2173048	24.1989901	
23.04183	24.409291	24.3997029	24.2173048	24.1989901	
23.05198	24.409291	24.3997029	24.2173048	24.1989901	
23.06215	24.409291	24.3997029	24.2173048	24.1989901	
23.07232	24.409291	24.3997029	24.2173048	24.1989901	
23.08251	24.409291	24.3997029	24.2173048	24.1989901	
23.09257	24.409291	24.3997029	24.2173048	24.1989901	
23.10276	24.409291	24.3997029	24.2173048	24.1989901	
23.11294	24.409291	24.3997029	24.2173048	24.1989901	
23.12307	24.409291	24.3997029	24.2173048	24.1989901	
23.13322	24.409291	24.3997029	24.2173048	24.1989901	
23.14356	24.409291	24.3997029	24.2173048	24.1989901	
23.15356	24.409291	24.3997029	24.2173048	24.1989901	
23.16376	24.409291	24.3997029	24.2173048	24.1989901	
23.17386	24.409291	24.3997029	24.2173048	24.1989901	
23.18402	24.409291	24.3997029	24.2173048	24.1989901	
23.19422	24.409291	24.3997029	24.2173048	24.1989901	
23.20433	24.409291	24.3997029	24.2173048	24.1989901	
23.21448	24.409291	24.3997029	24.2173048	24.1989901	
23.22464	24.409291	24.3997029	24.2173048	24.1989901	
23.23482	24.409291	24.3997029	24.2173048	24.1989901	
23.24493	24.409291	24.3997029	24.2173048	24.1989901	
23.25509	24.409291	24.3997029	24.2173048	24.1989901	
23.26528	24.409291	24.3997029	24.2173048	24.1989901	
23.27542	24.409291	24.3997029	24.2173048	24.1989901	
23.28557	24.409291	24.3997029	24.2173048	24.1989901	
23.29571	24.409291	24.3997029	24.2173048	24.1989901	
23.30584	24.409291	24.3997029	24.2173048	24.1989901	
23.31601	24.409291	24.3997029	24.2173048	24.1989901	
23.32619	24.409291	24.3997029	24.2173048	24.1989901	
23.33642	24.409291	24.3997029	24.2173048	24.1989901	
23.34654	24.409291	24.3997029	24.2173048	24.1989901	
23.35666	24.409291	24.3997029	24.2173048	24.1989901	
23.3668	24.409291	24.3997029	24.2173048	24.1989901	
23.37698	24.409291	24.3997029	24.2173048	24.1989901	
23.38713	24.409291	24.3997029	24.2173048	24.1989901	
23.39735	24.409291	24.3997029	24.2173048	24.1989901	
23.40749	24.409291	24.3997029	24.2173048	24.1989901	
23.41764	24.409291	24.3997029	24.2173048	24.1989901	
23.42785	24.409291	24.3997029	24.2173048	24.1989901	
23.43794	24.409291	24.3997029	24.2173048	24.1989901	
23.44806	24.409291	24.3997029	24.2173048	24.1989901	
23.45828	24.409291	24.3997029	24.2173048	24.1989901	
23.46837	24.409291	24.3997029	24.2173048	24.1989901	
23.47851	24.409291	24.3997029	24.2173048	24.1989901	
23.48868	24.409291	24.3997029	24.2173048	24.1989901	
23.49886	24.409291	24.3997029	24.2173048	24.1989901	
23.50899	24.409291	24.3997029	24.2173048	24.1989901	
23.51912	24.409291	24.3997029	24.2173048	24.1989901	
23.52931	24.409291	24.3997029	24.2173048	24.1989901	
23.53943	24.409291	24.3997029	24.2173048	24.1989901	
23.54954	24.409291	24.3997029	24.2173048	24.1989901	
23.5597	24.409291	24.3997029	24.2173048	24.1989901	
23.56986	24.409291	24.3997029	24.2173048	24.1989901	
23.58008	24.409291	24.3997029	24.2173048	24.1989901	
23.59019	24.409291	24.3997029	24.2173048	24.1989901	
23.60035	24.409291	24.3997029	24.2173048	24.1989901	
23.61056	24.409291	24.3997029	24.2173048	24.1989901	
23.62061	24.409291	24.3997029	24.2173048	24.1989901	
23.63077	24.409291	24.3997029	24.2173048	24.1989901	
23.64093	24.409291	24.3997029	24.2173048	24.1989901	
23.65108	24.409291	24.3997029	24.2173048	24.1989901	
23.66121	24.409291	24.3997029	24.2173048	24.1989901	
23.67141	24.409291	24.3997029	24.2173048	24.1989901	
23.68157	24.409291	24.3997029	24.2173048	24.1989901	
23.69168	24.409291	24.3997029	24.2173048	24.1989901	
23.70182	24.409291	24.3997029	24.2173048	24.1989901	
23.71202	24.409291	24.3997029	24.2173048	24.1989901	
23.72215	24.409291	24.3997029	24.2173048	24.1989901	
23.73232	24.409291	24.3997029	24.2173048	24.1989901	
23.74246	24.409291	24.3997029	24.2173048	24.1989901	
23.75264	24.409291	24.3997029	24.2173048	24.1989901	
23.76282	24.409291	24.3997029	24.2173048	24.1989901	
23.77293	24.409291	24.3997029	24.2173048	24.1989901	
23.78309	24.409291	24.3997029	24.2173048	24.1989901	
23.79325	24.409291	24.3997029	24.2173048	24.1989901	
23.80337	24.409291	24.3997029	24.2173048	24.1989901	
23.81354	24.409291	24.3997029	24.2173048	24.1989901	
23.8237	24.409291	24.3997029	24.2173048	24.1989901	
23.83388	24.409291	24.3997029	24.2173048	24.1989901	
23.84403	24.409291	24.3997029	24.2173048	24.1989901	
23.85417	24.409291	24.3997029	24.2173048	24.1989901	
23.86432	24.409291	24.3997029	24.2173048	24.1989901	
23.87455	24.409291	24.3997029	24.2173048	24.1989901	
23.88463	24.409291	24.3997029	24.2173048	24.1989901	
23.89478	24.409291	24.3997029	24.2173048	24.1989901	
23.90499	24.409291	24.3997029	24.2173048	24.1989901	
23.91511	24.409291	24.3997029	24.2173048	24.1989901	
23.92528	24.409291	24.3997029	24.2173048	24.1989901	
23.93753	24.409291	24.3997029	24.2173048	24.1989901	
23.94555	24.409291	24.3997029	24.2173048	24.1989901	
23.95567	24.409291	24.3997029	24.2173048	24.1989901	
23.96579	24.409291	24.3997029	24.2173048	24.1989901	
23.97601	24.409291	24.3997029	24.2173048	24.1989901	
23.98615	24.409291	24.3997029	24.2173048	24.1989901	
23.99631	24.409291	24.3997029	24.2173048	24.1989901	
24.00645	24.409291	24.3997029	24.2173048	24.1989901	
24.01659	24.409291	24.3997029	24.2173048	24.1989901	
24.02681	24.409291	24.3997029	24.2173048	24.1989901	
24.03692	24.409291	24.3997029	24.2173048	24.1989901	
24.04707	24.409291	24.3997029	24.2173048	24.1989901	
24.05721	24.409291	24.3997029	24.2173048	24.1989901	
24.06736	24.409291	24.3997029	24.2173048	24.1989901	
24.07753	24.409291	24.3997029	24.2173048	24.1989901	
24.08767	24.409291	24.3997029	24.2173048	24.1989901	
24.09779	24.409291	24.3997029	24.2173048	24.1989901	
24.10804	24.409291	24.3997029	24.2173048	24.1989901	
24.11814	24.409291	24.3997029	24.2173048	24.1989901	
24.1283	24.409291	24.3997029	24.2173048	24.1989901	
24.13853	24.409291	24.3997029	24.2173048	24.1989901	
24.14867	24.409291	24.3997029	24.2173048	24.1989901	
24.15876	24.409291	24.3997029	24.2173048	24.1989901	
24.16892	24.409291	24.3997029	24.2173048	24.1989901	
24.17905	24.409291	24.3997029	24.2173048	24.1989901	
24.18919	24.409291	24.3997029	24.2173048	24.1989901	
24.19935	24.409291	24.3997029	24.2173048	24.1989901	
24.20949	24.409291	24.3997029	24.2173048	24.1989901	
24.21965	24.409291	24.3997029	24.2173048	24.1989901	
24.2298	24.409291	24.3997029	24.2173048	24.1989901	
24.24004	24.409291	24.3997029	24.2173048	24.1989901	
24.25015	24.409291	24.3997029	24.2173048	24.1989901	
24.26029	24.409291	24.3997029	24.2173048	24.1989901	
24.2704	24.409291	24.3997029	24.2173048	24.1989901	
24.28054	24.409291	24.3997029	24.2173048	24.1989901	
24.2907	24.409291	24.3997029	24.2173048	24.1989901	
24.3008	24.409291	24.3997029	24.2173048	24.1989901	
24.31093	24.409291	24.3997029	24.2173048	24.1989901	
24.32116	24.409291	24.3997029	24.2173048	24.1989901	
24.33126	24.409291	24.3997029	24.2173048	24.1989901	
24.3415	24.409291	24.3997029	24.2173048	24.1989901	
24.35161	24.409291	24.3997029	24.2173048	24.1989901	
24.36184	24.409291	24.3997029	24.2173048	24.1989901	
24.37205	24.409291	24.3997029	24.2173048	24.1989901	
24.38212	24.409291	24.3997029	24.2173048	24.1989901	
24.40154	24.409291	24.3997029	24.2173048	24.1989901	
24.40608	24.409291	24.3997029	24.2173048	24.1989901	
24.41623	24.409291	24.3997029	24.2173048	24.1989901	
24.42647	24.409291	24.3997029	24.2173048	24.1989901	
24.43654	24.409291	24.3997029	24.2173048	24.1989901	
24.44672	24.409291	24.3997029	24.2173048	24.1989901	
24.45685	24.409291	24.3997029	24.2173048	24.1989901	
24.46702	24.409291	24.3997029	24.2173048	24.1989901	
24.47718	24.409291	24.3997029	24.2173048	24.1989901	
24.48728	24.409291	24.3997029	24.2173048	24.1989901	
24.49749	24.409291	24.3997029	24.2173048	24.1989901	
24.50763	24.409291	24.3997029	24.2173048	24.1989901	
24.51778	24.409291	24.3997029	24.2173048	24.1989901	
24.52796	24.409291	24.3997029	24.2173048	24.1989901	
24.53809	24.409291	24.3997029	24.2173048	24.1989901	
24.54825	24.409291	24.3997029	24.2173048	24.1989901	
24.55833	24.409291	24.3997029	24.2173048	24.1989901	
24.5685	24.409291	24.3997029	24.2173048	24.1989901	
24.5787	24.409291	24.3997029	24.2173048	24.1989901	
24.58885	24.409291	24.3997029	24.2173048	24.1989901	
24.59898	24.409291	24.3997029	24.2173048	24.1989901	
24.60917	24.409291	24.3997029	24.2173048	24.1989901	
24.61925	24.409291	24.3997029	24.2173048	24.1989901	
24.62939	24.409291	24.3997029	24.2173048	24.1989901	
24.63955	24.409291	24.3997029	24.2173048	24.1989901	
24.64998	24.409291	24.3997029	24.2173048	24.1989901	
24.65994	24.409291	24.3997029	24.2173048	24.1989901	
24.67005	24.409291	24.3997029	24.2173048	24.1989901	
24.68015	24.409291	24.3997029	24.2173048	24.1989901	
24.69038	24.409291	24.3997029	24.2173048	24.1989901	
24.70044	24.409291	24.3997029	24.2173048	24.1989901	
24.71058	24.409291	24.3997029	24.2173048	24.1989901	
24.72073	24.409291	24.3997029	24.2173048	24.1989901	
24.73091	24.409291	24.3997029	24.2173048	24.1989901	
24.74102	24.409291	24.3997029	24.2173048	24.1989901	
24.75119	24.409291	24.3997029	24.2173048	24.1989901	
24.76135	24.409291	24.3997029	24.2173048	24.1989901	
24.77154	24.409291	24.3997029	24.2173048	24.1989901	
24.78165	24.409291	24.3997029	24.2173048	24.1989901	
24.79181	24.409291	24.3997029	24.2173048	24.1989901	
24.80195	24.409291	24.3997029	24.2173048	24.1989901	
24.81211	24.409291	24.3997029	24.2173048	24.1989901	
24.82227	24.409291	24.3997029	24.2173048	24.1989901	
24.83242	24.409291	24.3997029	24.2173048	24.1989901	
24.84264	24.409291	24.3997029	24.2173048	24.1989901	
24.85274	24.409291	24.3997029	24.2173048	24.1989901	
24.86293	24.409291	24.3997029	24.2173048	24.1989901	
24.8731	24.409291	24.3997029	24.2173048	24.1989901	
24.88323	24.409291	24.3997029	24.2173048	24.1989901	
24.89335	24.409291	24.3997029	24.2173048	24.1989901	
24.90354	24.409291	24.3997029	24.2173048	24.1989901	
24.91369	24.409291	24.3997029	24.2173048	24.1989901	
24.92388	24.409291	24.3997029	24.2173048	24.1989901	
24.93399	24.409291	24.3997029	24.2173048	24.1989901	
24.94418	24.409291	24.3997029	24.2173048	24.1989901	
24.9543	24.409291	24.3997029	24.2173048	24.1989901	
24.96463	24.409291	24.3997029	24.2173048	24.1989901	
24.97457	24.409291	24.3997029	24.2173048	24.1989901	
24.98476	24.409291	24.3997029	24.2173048	24.1989901	
24.99495	24.409291	24.3997029	24.2173048	24.1989901	
25.00507	24.409291	24.3997029	24.2173048	24.1989901	
25.01522	24.409291	24.3997029	24.2173048	24.1989901	
25.02538	24.409291	24.3997029	24.2173048	24.1989901	
25.03555	24.409291	24.3997029	24.2173048	24.1989901	
25.04569	24.409291	24.3997029	24.2173048	24.1989901	
25.05579	24.409291	24.3997029	24.2173048	24.1989901	
25.06599	24.409291	24.3997029	24.2173048	24.1989901	
25.07619	24.409291	24.3997029	24.2173048	24.1989901	
25.0863	24.409291	24.3997029	24.2173048	24.1989901	
25.09641	24.409291	24.3997029	24.2173048	24.1989901	
25.10665	24.409291	24.3997029	24.2173048	24.1989901	
25.11672	24.409291	24.3997029	24.2173048	24.1989901	
25.12687	24.409291	24.3997029	24.2173048	24.1989901	
25.13703	24.409291	24.3997029	24.2173048	24.1989901	
25.14738	24.409291	24.3997029	24.2173048	24.1989901	
25.15735	24.409291	24.3997029	24.2173048	24.1989901	
25.16749	24.409291	24.3997029	24.2173048	24.1989901	
25.17768	24.409291	24.3997029	24.2173048	24.1989901	
25.18782	24.409291	24.3997029	24.2173048	24.1989901	
25.19796	24.409291	24.3997029	24.2173048	24.1989901	
25.20813	24.409291	24.3997029	24.2173048	24.1989901	
25.21825	24.409291	24.3997029	24.2173048	24.1989901	
25.22839	24.409291	24.3997029	24.2173048	24.1989901	
25.2386	24.409291	24.3997029	24.2173048	24.1989901	
25.24871	24.409291	24.3997029	24.2173048	24.1989901	
25.25892	24.409291	24.3997029	24.2173048	24.1989901	
25.26895	24.409291	24.3997029	24.2173048	24.1989901	
25.27911	24.409291	24.3997029	24.2173048	24.1989901	
25.28929	24.409291	24.3997029	24.2173048	24.1989901	
25.29938	24.409291	24.3997029	24.2173048	24.1989901	
25.30955	24.409291	24.3997029	24.2173048	24.1989901	
25.31971	24.409291	24.3997029	24.2173048	24.1989901	
25.32995	24.409291	24.3997029	24.2173048	24.1989901	
25.34013	24.409291	24.3997029	24.2173048	24.1989901	
25.35019	24.409291	24.3997029	24.2173048	24.1989901	
25.36035	24.409291	24.3997029	24.2173048	24.1989901	
25.37056	24.409291	24.3997029	24.2173048	24.1989901	
25.38065	24.409291	24.3997029	24.2173048	24.1989901	
25.39077	24.409291	24.3997029	24.2173048	24.1989901	
25.40092	24.409291	24.3997029	24.2173048	24.1989901	
25.41107	24.409291	24.3997029	24.2173048	24.1989901	
25.42123	24.409291	24.3997029	24.2173048	24.1989901	
25.43141	24.409291	24.3997029	24.2173048	24.1989901	
25.44151	24.409291	24.3997029	24.2173048	24.1989901	
25.45208	24.409291	24.3997029	24.2173048	24.1989901	
25.46211	24.409291	24.3997029	24.2173048	24.1989901	
25.47226	24.409291	24.3997029	24.2173048	24.1989901	
25.48248	24.409291	24.3997029	24.2173048	24.1989901	
25.49259	24.409291	24.3997029	24.2173048	24.1989901	
25.50275	24.409291	24.3997029	24.2173048	24.1989901	
25.51292	24.409291	24.3997029	24.2173048	24.1989901	
25.52309	24.409291	24.3997029	24.2173048	24.1989901	
25.53324	24.409291	24.3997029	24.2173048	24.1989901	
25.54338	24.409291	24.3997029	24.2173048	24.1989901	
25.55353	24.409291	24.3997029	24.2173048	24.1989901	
25.56369	24.409291	24.3997029	24.2173048	24.1989901	
25.57384	24.409291	24.3997029	24.2173048	24.1989901	
25.58403	24.409291	24.3997029	24.2173048	24.1989901	
25.59422	24.409291	24.3997029	24.2173048	24.1989901	
25.60434	24.409291	24.3997029	24.2173048	24.1989901	
25.61449	24.409291	24.3997029	24.2173048	24.1989901	
25.62464	24.409291	24.3997029	24.2173048	24.1989901	
25.63486	24.409291	24.3997029	24.2173048	24.1989901	
25.64513	24.409291	24.3997029	24.2173048	24.1989901	
25.65512	24.409291	24.3997029	24.2173048	24.1989901	
25.6653	24.409291	24.3997029	24.2173048	24.1989901	
25.67544	24.409291	24.3997029	24.2173048	24.1989901	
25.68558	24.409291	24.3997029	24.2173048	24.1989901	
25.69574	24.409291	24.3997029	24.2173048	24.1989901	
25.70592	24.409291	24.3997029	24.2173048	24.1989901	
25.71622	24.409291	24.3997029	24.2173048	24.1989901	
25.7263	24.409291	24.3997029	24.2173048	24.1989901	
25.73645	24.409291	24.3997029	24.2173048	24.1989901	
25.74669	24.409291	24.3997029	24.2173048	24.1989901	
25.75678	24.409291	24.3997029	24.2173048	24.1989901	
25.76691	24.409291	24.3997029	24.2173048	24.1989901	
25.77706	24.409291	24.3997029	24.2173048	24.1989901	
25.78722	24.409291	24.3997029	24.2173048	24.1989901	
25.79736	24.409291	24.3997029	24.2173048	24.1989901	
25.80753	24.409291	24.3997029	24.2173048	24.1989901	
25.81769	24.409291	24.3997029	24.2173048	24.1989901	
25.82784	24.409291	24.3997029	24.2173048	24.1989901	
25.83798	24.409291	24.3997029	24.2173048	24.1989901	
25.84823	24.409291	24.3997029	24.2173048	24.1989901	
25.85829	24.409291	24.3997029	24.2173048	24.1989901	
25.86841	24.409291	24.3997029	24.2173048	24.1989901	
25.8786	24.409291	24.3997029	24.2173048	24.1989901	
25.88871	24.409291	24.3997029	24.2173048	24.1989901	
25.89889	24.409291	24.3997029	24.2173048	24.1989901	
25.90902	24.409291	24.3997029	24.2173048	24.1989901	
25.91914	24.409291	24.3997029	24.2173048	24.1989901	
25.92932	24.409291	24.3997029	24.2173048	24.1989901	
25.94075	24.409291	24.3997029	24.2173048	24.1989901	
25.94959	24.409291	24.3997029	24.2173048	24.1989901	
25.9597	24.409291	24.3997029	24.2173048	24.1989901	
25.96999	24.409291	24.3997029	24.2173048	24.1989901	
25.98794	24.409291	24.3997029	24.2173048	24.1989901	
25.99248	24.409291	24.3997029	24.2173048	24.1989901	
26.00271	24.409291	24.3997029	24.2173048	24.1989901	
26.01281	24.409291	24.3997029	24.2173048	24.1989901	
26.02296	24.409291	24.3997029	24.2173048	24.1989901	
26.03311	24.409291	24.3997029	24.2173048	24.1989901	
26.04329	24.409291	24.3997029	24.2173048	24.1989901	
26.05338	24.409291	24.3997029	24.2173048	24.1989901	
26.06357	24.409291	24.3997029	24.2173048	24.1989901	
26.07373	24.409291	24.3997029	24.2173048	24.1989901	
26.08389	24.409291	24.3997029	24.2173048	24.1989901	
26.09402	24.409291	24.3997029	24.2173048	24.1989901	
26.10421	24.409291	24.3997029	24.2173048	24.1989901	
26.13195	24.409291	24.3997029	24.2173048	24.1989901	
