17.37185	24.3840129	24.3822497	24.2007533	24.1989901	
17.37827	24.3849222	24.3822497	24.2016626	24.1989901	
17.38863	24.3871589	24.3822497	24.2038993	24.1989901	
17.39863	24.389902	24.3822497	24.2066424	24.1989901	
17.409	24.3934091	24.3822497	24.2101495	24.1989901	
17.41891	24.3973321	24.3822497	24.2140725	24.2077167	
17.42915	24.4020273	24.3822497	24.2187677	24.2077167	
17.43926	24.40727	24.3909763	24.2240104	24.2077167	
17.44935	24.4131155	24.3909763	24.2298559	24.2077167	
17.45992	24.41993	24.3909763	24.2366704	24.2077167	
17.47151	24.4282377	24.3909763	24.2449782	24.2077167	
17.4803	24.43492	24.3997029	24.2516605	24.2077167	
17.49044	24.4432985	24.3997029	24.2600389	24.2077167	
17.50062	24.4523226	24.3997029	24.2690631	24.2077167	
17.51072	24.4618971	24.4084296	24.2786376	24.2077167	
17.52089	24.4721579	24.4171562	24.2888984	24.2077167	
17.53108	24.483064	24.4171562	24.2998044	24.2077167	
17.54126	24.4945665	24.4258829	24.3113069	24.2077167	
17.55137	24.5066127	24.4258829	24.3233532	24.2164434	
17.56153	24.5193489	24.4346095	24.3360894	24.22517	
17.57307	24.5346516	24.4433362	24.3513921	24.2426233	
17.5819	24.5467412	24.4520628	24.3634817	24.2600766	
17.59201	24.561256	24.4607895	24.3779964	24.2775299	
17.60217	24.5764542	24.4695161	24.3931946	24.3037098	
17.6123	24.5922319	24.4869694	24.4089723	24.3298898	
17.62253	24.6087915	24.5044227	24.4255319	24.3560697	
17.63266	24.6257948	24.5131493	24.4425352	24.3822497	
17.64281	24.643459	24.5306026	24.4601995	24.4084296	
17.65304	24.6618874	24.5480559	24.4786278	24.4346095	
17.66308	24.6805781	24.5742359	24.4973185	24.4607895	
17.67453	24.7027449	24.5916892	24.5194853	24.4869694	
17.68353	24.7205765	24.6178691	24.537317	24.5044227	
17.6936	24.7411518	24.644049	24.5578922	24.5306026	
17.70374	24.7624971	24.6789556	24.5792375	24.5480559	
17.71385	24.784398	24.7051356	24.6011384	24.5742359	
17.72407	24.8071719	24.7313155	24.6239124	24.5916892	
17.73432	24.8306395	24.7662221	24.6473799	24.6178691	
17.74437	24.8542442	24.8011287	24.6709846	24.6353224	
17.7545	24.8786623	24.8360353	24.6954027	24.6615023	
17.76462	24.9036834	24.8709418	24.7204238	24.6876823	
17.7761	24.9329087	24.9058484	24.7496491	24.7138622	
17.78498	24.9558816	24.940755	24.772622	24.7313155	
17.79513	24.9828125	24.9756616	24.799553	24.7574954	
17.8053	25.010423	25.0105682	24.8271634	24.792402	
17.81536	25.0383529	25.0454748	24.8550933	24.818582	
17.82556	25.0674263	25.0803814	24.8841667	24.8534885	
17.83574	25.0967709	25.1065613	24.9135113	24.8796685	
17.84591	25.1268589	25.1414679	24.9435994	24.9145751	
17.85613	25.1577417	25.1676478	24.9744821	24.940755	
17.86612	25.1885318	25.2025544	25.0052722	24.9756616	
17.87768	25.2249817	25.2287343	25.0417222	25.0018415	
17.88658	25.2534208	25.2549143	25.0701612	25.0367481	
17.89665	25.286282	25.2810942	25.1030225	25.0629281	
17.9068	25.3200284	25.3072742	25.1367689	25.0978346	
17.91701	25.3545914	25.3334541	25.1713318	25.1327412	
17.92733	25.3901762	25.359634	25.2069166	25.1676478	
17.93724	25.4249281	25.3945406	25.2416685	25.2025544	
17.94746	25.461385	25.4207206	25.2781255	25.237461	
17.95757	25.4980813	25.4556271	25.3148218	25.2723676	
17.96767	25.5353346	25.4818071	25.352075	25.3072742	
17.9792	25.5787295	25.5167137	25.39547	25.3421807	
17.98802	25.612323	25.5516202	25.4290634	25.385814	
17.9982	25.6517345	25.5952535	25.4684749	25.4207206	
18.00831	25.6914978	25.6301601	25.5082382	25.4643538	
18.01848	25.7321195	25.6737933	25.5488599	25.507987	
18.02902	25.7749014	25.7086999	25.5916419	25.5428936	
18.03873	25.8148438	25.7523331	25.6315842	25.5865268	
18.04898	25.8576802	25.7959663	25.6744207	25.6301601	
18.05919	25.9009267	25.8395996	25.7176671	25.6650667	
18.06919	25.9438978	25.8832328	25.7606382	25.7174265	
18.08236	26.0017177	25.926866	25.8184581	25.7610598	
18.08949	26.0331251	25.9704993	25.8498655	25.804693	
18.10759	26.115557	26.0577657	25.9322974	25.8919595	
18.11216	26.1362798	26.0839457	25.9530203	25.9181394	
18.12225	26.182871	26.1363055	25.9996114	25.9617726	
18.13254	26.2310462	26.1799388	26.0477867	26.0054059	
18.14262	26.2787705	26.2410253	26.0955109	26.0577657	
18.15279	26.3275923	26.2933852	26.1443328	26.1101256	
18.16292	26.3768418	26.3457451	26.1935822	26.1537588	
18.17307	26.4267873	26.3981049	26.2435278	26.2148454	
18.18416	26.4821995	26.4504648	26.29894	26.2672052	
18.19344	26.5289274	26.5028247	26.3456678	26.3195651	
18.20361	26.5808247	26.5639112	26.3975652	26.371925	
18.21372	26.6330425	26.6162711	26.449783	26.4242849	
18.22383	26.6858947	26.668631	26.5026352	26.4853714	
18.23403	26.7398231	26.7297175	26.5565636	26.5377313	
18.24418	26.7941145	26.7820774	26.610855	26.5988178	
18.25439	26.8493653	26.8431639	26.6661057	26.6511777	
18.26447	26.9045077	26.8955238	26.7212481	26.7122642	
18.27459	26.9604678	26.9478837	26.7772082	26.7733507	
18.28585	27.023589	27.0089702	26.8403294	26.8257106	
18.29494	27.0749114	27.0613301	26.8916519	26.8780705	
18.30508	27.1327968	27.1136899	26.9495372	26.939157	
18.31522	27.1913743	27.1747765	27.0081147	26.9915169	
18.32534	27.2504269	27.2271363	27.0671673	27.0526034	
18.33551	27.3103814	27.2794962	27.1271219	27.1136899	
18.34567	27.3709623	27.3493094	27.1877027	27.1660498	
18.35585	27.4321698	27.4016693	27.2489102	27.2271363	
18.366	27.4938991	27.4627558	27.3106395	27.2794962	
18.37611	27.5559915	27.5238423	27.3727319	27.3405827	
18.3875	27.626816	27.5936555	27.4435565	27.4016693	
18.39646	27.6828421	27.6460154	27.4995825	27.4714824	
18.40659	27.7468858	27.7158285	27.5636262	27.532569	
18.41679	27.8120242	27.776915	27.6287646	27.5936555	
18.42724	27.8794025	27.8467282	27.6961429	27.654742	
18.43711	27.9435623	27.9078147	27.7603027	27.7158285	
18.44718	28.00971	27.9776279	27.8264504	27.7856417	
18.45731	28.0768495	28.0387144	27.8935899	27.8554549	
18.46751	28.1450862	28.1085276	27.9618266	27.9165414	
18.47761	28.2132086	28.1783408	28.029949	27.9863546	
18.48946	28.2941145	28.2481539	28.110855	28.0561677	
18.4979	28.3520672	28.3179671	28.1688076	28.1172542	
18.50812	28.4228798	28.3877803	28.2396202	28.1870674	
18.51825	28.4937376	28.4663201	28.310478	28.2568806	
18.52836	28.5650757	28.5361333	28.3818161	28.3266938	
18.53882	28.6395216	28.6059464	28.4562621	28.4052336	
18.54862	28.7097834	28.6757596	28.5265239	28.4837734	
18.55876	28.7831183	28.7542994	28.5998587	28.5535866	
18.56893	28.8573945	28.8241126	28.6741349	28.6233997	
18.57922	28.933097	28.9026524	28.7498375	28.7106662	
18.59103	29.020951	28.9811922	28.8376915	28.789206	
18.59937	29.0832553	29.059732	28.8999957	28.8677458	
18.60956	29.1600199	29.1295452	28.9767603	28.937559	
18.61974	29.2374755	29.208085	29.054216	29.0248255	
18.62978	29.3143368	29.2866248	29.1310772	29.1033653	
18.64021	29.3949829	29.3651647	29.2117234	29.1819051	
18.65029	29.4716053	29.4437045	29.2883457	29.2691716	
18.66042	29.547998	29.5222443	29.3647384	29.3477114	
18.67059	29.624115	29.6007841	29.4408554	29.4262512	
18.68075	29.6995156	29.6880506	29.516256	29.504791	
18.69229	29.7844399	29.7578637	29.6011803	29.5920575	
18.70116	29.8491808	29.8451302	29.6659212	29.6705973	
18.71124	29.9222106	29.92367	29.738951	29.7404105	
18.7214	29.9951553	30.0022098	29.8118957	29.8189503	
18.73157	30.067594	30.0807497	29.8843344	29.8974901	
18.74177	30.1396704	30.1592895	29.9564109	29.9760299	
18.75187	30.2103346	30.2378293	30.0270751	30.0545697	
18.77192	30.3477843	30.3861823	30.1645247	30.2029227	
18.7765	30.3792392	30.4210889	30.1959797	30.2291026	
18.78658	30.4478073	30.4996287	30.2645477	30.3076425	
18.79716	30.519001	30.5694418	30.3357414	30.3861823	
18.80721	30.5860582	30.6479817	30.4027986	30.4559954	
18.81738	30.6532943	30.7177948	30.4700347	30.5258086	
18.82752	30.7197507	30.787608	30.5364912	30.5956218	
18.83783	30.7867319	30.8486945	30.6034724	30.665435	
18.84781	30.8508952	30.9185077	30.6676356	30.7352481	
18.85806	30.9162549	30.9795942	30.7329954	30.7963347	
18.86817	30.9800592	31.0494074	30.7967997	30.8661478	
18.87827	31.0432658	31.1017673	30.8600062	30.9272343	
18.88871	31.1078636	31.1628538	30.924604	30.9883209	
18.89859	31.1684889	31.2239403	30.9852293	31.0494074	
18.90872	31.2300334	31.2850268	31.0467739	31.1017673	
18.9191	31.2924458	31.3461134	31.1091863	31.1628538	
18.92895	31.3510789	31.3984732	31.1678194	31.2152137	
18.93917	31.4113052	31.4508331	31.2280456	31.2763002	
18.9493	31.4703922	31.503193	31.2871326	31.3286601	
18.95948	31.5291748	31.5555529	31.3459152	31.38102	
18.96966	31.5873287	31.6079128	31.4040692	31.4333798	
18.97976	31.6444429	31.6602726	31.4611833	31.4857397	
18.99878	31.7494064	31.7562657	31.5661468	31.5904595	
19.00342	31.7750254	31.7824457	31.5917658	31.6079128	
19.01354	31.8302195	31.8348056	31.64696	31.6602726	
19.02369	31.8849483	31.8871654	31.7016887	31.7126325	
19.03378	31.9388294	31.9395253	31.7555699	31.7649924	
19.04398	31.9926286	31.9918852	31.809369	31.8173523	
19.05413	32.0455743	32.0442451	31.8623148	31.8697121	
19.06445	32.0987846	32.0966049	31.915525	31.9133454	
19.0746	32.1504669	32.1489648	31.9672073	31.9744319	
19.08499	32.2028144	32.2013247	32.0195549	32.0180651	
19.09646	32.259762	32.2449579	32.0765024	32.070425	
19.10523	32.3028351	32.2973178	32.1195755	32.1227849	
19.11546	32.3525043	32.3496777	32.1692447	32.1751448	
19.12567	32.4014643	32.4020376	32.2182047	32.2275046	
19.13599	32.4506706	32.4456708	32.267411	32.2798645	
19.14595	32.4969084	32.4980307	32.3136489	32.3234977	
19.15606	32.5435688	32.5503905	32.3603092	32.3758576	
19.16626	32.5900539	32.6027504	32.4067944	32.4282175	
19.17632	32.6353113	32.6551103	32.4520517	32.4805774	
19.18649	32.6804228	32.7161968	32.4971632	32.5329373	
19.19796	32.7305573	32.7598301	32.5472978	32.5765705	
19.2069	32.7691518	32.8121899	32.5858922	32.6289304	
19.21702	32.8122415	32.8645498	32.6289819	32.6725636	
19.22715	32.8547892	32.908183	32.6715297	32.7249235	
19.23731	32.8968455	32.9518163	32.7135859	32.7685567	
19.24751	32.9384815	32.9954495	32.755222	32.8121899	
19.25761	32.9790838	33.0390827	32.7958243	32.8558232	
19.26775	33.0192839	33.0739893	32.8360243	32.8994564	
19.27789	33.0588365	33.1176226	32.8755769	32.934363	
19.28799	33.0976878	33.1525291	32.9144283	32.9779962	
19.30682	33.1675486	33.1874357	32.984289	33.0129028	
19.31142	33.1846204	33.2397956	33.0013609	33.0652627	
19.32157	33.2216657	33.2747022	33.0384061	33.1001693	
19.33176	33.2582327	33.3096088	33.0749731	33.1350758	
19.34186	33.2938889	33.3445154	33.1106293	33.1699824	
19.35204	33.3292254	33.3794219	33.1459659	33.204889	
19.3622	33.3638693	33.4143285	33.1806098	33.2397956	
19.37236	33.3979139	33.4405085	33.2146544	33.2659755	
19.38259	33.4316063	33.4754151	33.2483467	33.3008821	
19.39263	33.4640869	33.501595	33.2808273	33.3357887	
19.40434	33.5011669	33.5365016	33.3179074	33.3706953	
19.4131	33.5284499	33.5626815	33.3451903	33.3968752	
19.4231	33.559042	33.5888615	33.3757824	33.4230552	
19.43328	33.5895822	33.6150414	33.4063227	33.4492351	
19.44339	33.6193316	33.6412213	33.436072	33.4754151	
19.4536	33.6487243	33.6674013	33.4654647	33.501595	
19.46375	33.6773877	33.6848546	33.4941281	33.5277749	
19.47388	33.7053974	33.7110345	33.5221379	33.5452282	
19.48406	33.7329386	33.7372144	33.5496791	33.5714082	
19.49416	33.759699	33.7633944	33.5764394	33.5888615	
19.50569	33.7894402	33.7895743	33.6061806	33.6150414	
19.51452	33.8118765	33.8157543	33.6286169	33.6324947	
19.52466	33.8368513	33.8419342	33.6535917	33.6586746	
19.53481	33.861369	33.8681141	33.6781094	33.6848546	
19.54491	33.8851644	33.8942941	33.7019049	33.7023079	
19.55512	33.9086242	33.9117474	33.7253647	33.7284878	
19.56532	33.9314627	33.946654	33.7482032	33.7546677	
19.57541	33.9534984	33.9641072	33.7702388	33.772121	
19.58554	33.9751223	33.9902872	33.7918627	33.798301	
19.59583	33.9967338	34.0164671	33.8134742	33.8244809	
19.60752	34.0196099	34.0339204	33.8363503	33.8419342	
19.61604	34.0362684	34.0513737	33.8530089	33.8593875	
19.62616	34.0554382	34.0775536	33.8721787	33.8768408	
19.63631	34.0740764	34.0950069	33.8908169	33.8942941	
19.64652	34.0922456	34.1124602	33.908986	33.9117474	
19.65659	34.109587	34.1299135	33.9263274	33.9292007	
19.66677	34.1265283	34.1473668	33.9432688	33.946654	
19.67695	34.1429049	34.1648201	33.9596454	33.9641072	
19.68703	34.1585509	34.1822734	33.9752913	33.9728339	
19.69746	34.1741219	34.1997267	33.9908623	33.9902872	
19.7091	34.1907177	34.21718	34.0074581	34.0077405	
19.71752	34.2023898	34.2346333	34.0191302	34.0164671	
19.72762	34.21579	34.2520866	34.0325304	34.0339204	
19.73774	34.2286431	34.2608132	34.0453835	34.0513737	
19.7479	34.2410001	34.2782665	34.0577406	34.0601004	
19.75812	34.2528379	34.2869932	34.0695783	34.068827	
19.76826	34.2640437	34.2957198	34.0807841	34.0862803	
19.77835	34.2746367	34.3131731	34.0913771	34.0950069	
19.78849	34.2847279	34.3218997	34.1014683	34.1037336	
19.79895	34.294548	34.3306264	34.1112885	34.1124602	
19.81058	34.3047354	34.3306264	34.1214759	34.1211869	
19.81897	34.3117322	34.339353	34.1284727	34.1299135	
19.8292	34.3197168	34.3480797	34.1364572	34.1386402	
19.83927	34.3270449	34.3480797	34.1437853	34.1386402	
19.84938	34.3338774	34.3568063	34.1506178	34.1473668	
19.86801	34.3443108	34.365533	34.1610512	34.1560935	
19.87257	34.3469253	34.365533	34.1636657	34.1560935	
19.88274	34.3521218	34.365533	34.1688622	34.1648201	
19.89291	34.3568301	34.3742596	34.1735705	34.1648201	
19.90302	34.3610424	34.3742596	34.1777828	34.1735468	
19.91358	34.3649287	34.3742596	34.1816691	34.1735468	
19.92336	34.368124	34.3829863	34.1848644	34.1735468	
19.93357	34.3710111	34.3829863	34.1877515	34.1735468	
19.94369	34.373459	34.3829863	34.1901994	34.1735468	
19.95399	34.3755402	34.3829863	34.1922806	34.1735468	
19.96403	34.3772162	34.3829863	34.1939567	34.1735468	
19.97418	34.3822497	34.3829863	34.1989901	34.1735468	
19.98436	34.3822497	34.3829863	34.1989901	34.1735468	
19.99452	34.3822497	34.3829863	34.1989901	34.1735468	
20.00464	34.3822497	34.3829863	34.1989901	34.1735468	
20.01521	34.3822497	34.3829863	34.1989901	34.1735468	
20.02506	34.3822497	34.3829863	34.1989901	34.1735468	
20.03523	34.3822497	34.3829863	34.1989901	34.1735468	
20.04548	34.3822497	34.3829863	34.1989901	34.1735468	
20.05553	34.3822497	34.3829863	34.1989901	34.1735468	
20.06583	34.3822497	34.3829863	34.1989901	34.1735468	
20.07595	34.3822497	34.3829863	34.1989901	34.1735468	
20.08745	34.3822497	34.3829863	34.1989901	34.1735468	
20.09644	34.3822497	34.3829863	34.1989901	34.1735468	
20.1066	34.3822497	34.3829863	34.1989901	34.1735468	
20.11685	34.3822497	34.3829863	34.1989901	34.1735468	
20.12702	34.3822497	34.3829863	34.1989901	34.1735468	
20.13714	34.3822497	34.3829863	34.1989901	34.1735468	
20.14725	34.3822497	34.3829863	34.1989901	34.1735468	
20.1575	34.3822497	34.3829863	34.1989901	34.1735468	
20.16754	34.3822497	34.3829863	34.1989901	34.1735468	
20.17768	34.3822497	34.3829863	34.1989901	34.1735468	
20.18786	34.3822497	34.3829863	34.1989901	34.1735468	
20.19797	34.3822497	34.3829863	34.1989901	34.1735468	
20.217	34.3822497	34.3829863	34.1989901	34.1735468	
20.22159	34.3822497	34.3829863	34.1989901	34.1735468	
20.23172	34.3822497	34.3829863	34.1989901	34.1735468	
20.24993	34.3822497	34.3829863	34.1989901	34.1735468	
20.25449	34.3822497	34.3829863	34.1989901	34.1735468	
20.26465	34.3822497	34.3829863	34.1989901	34.1735468	
20.27478	34.3822497	34.3829863	34.1989901	34.1735468	
20.28493	34.3822497	34.3829863	34.1989901	34.1735468	
20.29507	34.3822497	34.3829863	34.1989901	34.1735468	
20.30518	34.3822497	34.3829863	34.1989901	34.1735468	
20.31625	34.3822497	34.3829863	34.1989901	34.1735468	
20.32565	34.3822497	34.3829863	34.1989901	34.1735468	
20.33573	34.3822497	34.3829863	34.1989901	34.1735468	
20.34588	34.3822497	34.3829863	34.1989901	34.1735468	
20.35611	34.3822497	34.3829863	34.1989901	34.1735468	
20.36618	34.3822497	34.3829863	34.1989901	34.1735468	
20.37631	34.3822497	34.3829863	34.1989901	34.1735468	
20.38847	34.3822497	34.3829863	34.1989901	34.1735468	
20.39858	34.3822497	34.3829863	34.1989901	34.1735468	
20.40897	34.3822497	34.3829863	34.1989901	34.1735468	
20.42831	34.3822497	34.3829863	34.1989901	34.1735468	
20.43291	34.3822497	34.3829863	34.1989901	34.1735468	
20.44305	34.3822497	34.3829863	34.1989901	34.1735468	
20.4533	34.3822497	34.3829863	34.1989901	34.1735468	
20.46331	34.3822497	34.3829863	34.1989901	34.1735468	
20.47352	34.3822497	34.3829863	34.1989901	34.1735468	
20.48371	34.3822497	34.3829863	34.1989901	34.1735468	
20.49383	34.3822497	34.3829863	34.1989901	34.1735468	
20.50396	34.3822497	34.3829863	34.1989901	34.1735468	
20.5141	34.3822497	34.3829863	34.1989901	34.1735468	
20.52437	34.3822497	34.3829863	34.1989901	34.1735468	
20.53452	34.3822497	34.3829863	34.1989901	34.1735468	
20.54464	34.3822497	34.3829863	34.1989901	34.1735468	
20.5548	34.3822497	34.3829863	34.1989901	34.1735468	
20.56518	34.3822497	34.3829863	34.1989901	34.1735468	
20.5751	34.3822497	34.3829863	34.1989901	34.1735468	
20.58523	34.3822497	34.3829863	34.1989901	34.1735468	
20.59538	34.3822497	34.3829863	34.1989901	34.1735468	
20.60556	34.3822497	34.3829863	34.1989901	34.1735468	
20.61597	34.3822497	34.3829863	34.1989901	34.1735468	
20.6259	34.3822497	34.3829863	34.1989901	34.1735468	
20.63602	34.3822497	34.3829863	34.1989901	34.1735468	
20.64616	34.3822497	34.3829863	34.1989901	34.1735468	
20.65629	34.3822497	34.3829863	34.1989901	34.1735468	
20.66642	34.3822497	34.3829863	34.1989901	34.1735468	
20.67656	34.3822497	34.3829863	34.1989901	34.1735468	
20.68683	34.3822497	34.3829863	34.1989901	34.1735468	
20.69697	34.3822497	34.3829863	34.1989901	34.1735468	
20.70706	34.3822497	34.3829863	34.1989901	34.1735468	
20.71746	34.3822497	34.3829863	34.1989901	34.1735468	
20.72743	34.3822497	34.3829863	34.1989901	34.1735468	
20.73755	34.3822497	34.3829863	34.1989901	34.1735468	
20.74773	34.3822497	34.3829863	34.1989901	34.1735468	
20.75919	34.3822497	34.3829863	34.1989901	34.1735468	
20.768	34.3822497	34.3829863	34.1989901	34.1735468	
20.78602	34.3822497	34.3829863	34.1989901	34.1735468	
20.79064	34.3822497	34.3829863	34.1989901	34.1735468	
20.80074	34.3822497	34.3829863	34.1989901	34.1735468	
20.81085	34.3822497	34.3829863	34.1989901	34.1735468	
20.82232	34.3822497	34.3829863	34.1989901	34.1735468	
20.83124	34.3822497	34.3829863	34.1989901	34.1735468	
20.84137	34.3822497	34.3829863	34.1989901	34.1735468	
20.85155	34.3822497	34.3829863	34.1989901	34.1735468	
20.86179	34.3822497	34.3829863	34.1989901	34.1735468	
20.87199	34.3822497	34.3829863	34.1989901	34.1735468	
20.88214	34.3822497	34.3829863	34.1989901	34.1735468	
20.89232	34.3822497	34.3829863	34.1989901	34.1735468	
20.90246	34.3822497	34.3829863	34.1989901	34.1735468	
20.91256	34.3822497	34.3829863	34.1989901	34.1735468	
20.92389	34.3822497	34.3829863	34.1989901	34.1735468	
20.93295	34.3822497	34.3829863	34.1989901	34.1735468	
20.94306	34.3822497	34.3829863	34.1989901	34.1735468	
20.95318	34.3822497	34.3829863	34.1989901	34.1735468	
20.96335	34.3822497	34.3829863	34.1989901	34.1735468	
20.97376	34.3822497	34.3829863	34.1989901	34.1735468	
20.98366	34.3822497	34.3829863	34.1989901	34.1735468	
20.99383	34.3822497	34.3829863	34.1989901	34.1735468	
21.00401	34.3822497	34.3829863	34.1989901	34.1735468	
21.01411	34.3822497	34.3829863	34.1989901	34.1735468	
21.02537	34.3822497	34.3829863	34.1989901	34.1735468	
21.03448	34.3822497	34.3829863	34.1989901	34.1735468	
21.04462	34.3822497	34.3829863	34.1989901	34.1735468	
21.05479	34.3822497	34.3829863	34.1989901	34.1735468	
21.06509	34.3822497	34.3829863	34.1989901	34.1735468	
21.07524	34.3822497	34.3829863	34.1989901	34.1735468	
21.08727	34.3822497	34.3829863	34.1989901	34.1735468	
21.0954	34.3822497	34.3829863	34.1989901	34.1735468	
21.10553	34.3822497	34.3829863	34.1989901	34.1735468	
21.116	34.3822497	34.3829863	34.1989901	34.1735468	
21.12695	34.3822497	34.3829863	34.1989901	34.1735468	
21.13608	34.3822497	34.3829863	34.1989901	34.1735468	
21.1462	34.3822497	34.3829863	34.1989901	34.1735468	
21.15629	34.3822497	34.3829863	34.1989901	34.1735468	
21.1665	34.3822497	34.3829863	34.1989901	34.1735468	
21.17658	34.3822497	34.3829863	34.1989901	34.1735468	
21.18681	34.3822497	34.3829863	34.1989901	34.1735468	
21.197	34.3822497	34.3829863	34.1989901	34.1735468	
21.20709	34.3822497	34.3829863	34.1989901	34.1735468	
21.2172	34.3822497	34.3829863	34.1989901	34.1735468	
21.22845	34.3822497	34.3829863	34.1989901	34.1735468	
21.23763	34.3822497	34.3829863	34.1989901	34.1735468	
21.24769	34.3822497	34.3829863	34.1989901	34.1735468	
21.25784	34.3822497	34.3829863	34.1989901	34.1735468	
21.26801	34.3822497	34.3829863	34.1989901	34.1735468	
21.29451	34.3822497	34.3829863	34.1989901	34.1735468	
21.29906	34.3822497	34.3829863	34.1989901	34.1735468	
21.30929	34.3822497	34.3829863	34.1989901	34.1735468	
21.31931	34.3822497	34.3829863	34.1989901	34.1735468	
21.32992	34.3822497	34.3829863	34.1989901	34.1735468	
21.34785	34.3822497	34.3829863	34.1989901	34.1735468	
21.35244	34.3822497	34.3829863	34.1989901	34.1735468	
21.36258	34.3822497	34.3829863	34.1989901	34.1735468	
21.37272	34.3822497	34.3829863	34.1989901	34.1735468	
21.38295	34.3822497	34.3829863	34.1989901	34.1735468	
21.39312	34.3822497	34.3829863	34.1989901	34.1735468	
21.40326	34.3822497	34.3829863	34.1989901	34.1735468	
21.41346	34.3822497	34.3829863	34.1989901	34.1735468	
21.42353	34.3822497	34.3829863	34.1989901	34.1735468	
21.43434	34.3822497	34.3829863	34.1989901	34.1735468	
21.44398	34.3822497	34.3829863	34.1989901	34.1735468	
21.45408	34.3822497	34.3829863	34.1989901	34.1735468	
21.46422	34.3822497	34.3829863	34.1989901	34.1735468	
21.47435	34.3822497	34.3829863	34.1989901	34.1735468	
21.48456	34.3822497	34.3829863	34.1989901	34.1735468	
21.49479	34.3822497	34.3829863	34.1989901	34.1735468	
21.50484	34.3822497	34.3829863	34.1989901	34.1735468	
21.51498	34.3822497	34.3829863	34.1989901	34.1735468	
21.52516	34.3822497	34.3829863	34.1989901	34.1735468	
21.53625	34.3822497	34.3829863	34.1989901	34.1735468	
21.54545	34.3822497	34.3829863	34.1989901	34.1735468	
21.55564	34.3822497	34.3829863	34.1989901	34.1735468	
21.56596	34.3822497	34.3829863	34.1989901	34.1735468	
21.57602	34.3822497	34.3829863	34.1989901	34.1735468	
21.58604	34.3822497	34.3829863	34.1989901	34.1735468	
21.5962	34.3822497	34.3829863	34.1989901	34.1735468	
21.60635	34.3822497	34.3829863	34.1989901	34.1735468	
21.61648	34.3822497	34.3829863	34.1989901	34.1735468	
21.62657	34.3822497	34.3829863	34.1989901	34.1735468	
21.6375	34.3822497	34.3829863	34.1989901	34.1735468	
21.64699	34.3822497	34.3829863	34.1989901	34.1735468	
21.65707	34.3822497	34.3829863	34.1989901	34.1735468	
21.66718	34.3822497	34.3829863	34.1989901	34.1735468	
21.67757	34.3822497	34.3829863	34.1989901	34.1735468	
21.68754	34.3822497	34.3829863	34.1989901	34.1735468	
21.69766	34.3822497	34.3829863	34.1989901	34.1735468	
21.70788	34.3822497	34.3829863	34.1989901	34.1735468	
21.71794	34.3822497	34.3829863	34.1989901	34.1735468	
21.73764	34.3822497	34.3829863	34.1989901	34.1735468	
21.74265	34.3822497	34.3829863	34.1989901	34.1735468	
21.75274	34.3822497	34.3829863	34.1989901	34.1735468	
21.76289	34.3822497	34.3829863	34.1989901	34.1735468	
21.77305	34.3822497	34.3829863	34.1989901	34.1735468	
21.78316	34.3822497	34.3829863	34.1989901	34.1735468	
21.79336	34.3822497	34.3829863	34.1989901	34.1735468	
21.80351	34.3822497	34.3829863	34.1989901	34.1735468	
21.81371	34.3822497	34.3829863	34.1989901	34.1735468	
21.82383	34.3822497	34.3829863	34.1989901	34.1735468	
21.83393	34.3822497	34.3829863	34.1989901	34.1735468	
21.84422	34.3822497	34.3829863	34.1989901	34.1735468	
21.85435	34.3822497	34.3829863	34.1989901	34.1735468	
21.86447	34.3822497	34.3829863	34.1989901	34.1735468	
21.87462	34.3822497	34.3829863	34.1989901	34.1735468	
21.88476	34.3822497	34.3829863	34.1989901	34.1735468	
21.89498	34.3822497	34.3829863	34.1989901	34.1735468	
21.90511	34.3822497	34.3829863	34.1989901	34.1735468	
21.91529	34.3822497	34.3829863	34.1989901	34.1735468	
21.92543	34.3822497	34.3829863	34.1989901	34.1735468	
21.93552	34.3822497	34.3829863	34.1989901	34.1735468	
21.94579	34.3822497	34.3829863	34.1989901	34.1735468	
21.95599	34.3822497	34.3829863	34.1989901	34.1735468	
21.96607	34.3822497	34.3829863	34.1989901	34.1735468	
21.9762	34.3822497	34.3829863	34.1989901	34.1735468	
21.9863	34.3822497	34.3829863	34.1989901	34.1735468	
21.9965	34.3822497	34.3829863	34.1989901	34.1735468	
22.00666	34.3822497	34.3829863	34.1989901	34.1822734	
22.01682	34.3822497	34.3829863	34.1989901	34.1822734	
22.0269	34.3822497	34.3829863	34.1989901	34.191	
22.03726	34.3822497	34.3829863	34.1989901	34.191	
22.04751	34.3822497	34.3829863	34.1989901	34.191	
22.05738	34.3822497	34.3829863	34.1989901	34.191	
22.06775	34.3822497	34.3829863	34.1989901	34.191	
22.07786	34.3822497	34.3829863	34.1989901	34.191	
22.08936	34.3822497	34.3829863	34.1989901	34.191	
22.09819	34.3822497	34.3829863	34.1989901	34.191	
22.10833	34.3822497	34.3829863	34.1989901	34.191	
22.1185	34.3822497	34.3829863	34.1989901	34.191	
22.12854	34.3822497	34.3829863	34.1989901	34.191	
22.13897	34.3822497	34.3829863	34.1989901	34.191	
22.14885	34.3822497	34.3829863	34.1989901	34.191	
22.15902	34.3822497	34.3829863	34.1989901	34.191	
22.16915	34.3822497	34.3829863	34.1989901	34.191	
22.1793	34.3822497	34.3829863	34.1989901	34.191	
22.1895	34.3822497	34.3829863	34.1989901	34.191	
22.20749	34.3822497	34.3829863	34.1989901	34.191	
22.21205	34.3822497	34.3829863	34.1989901	34.191	
22.22218	34.3822497	34.3829863	34.1989901	34.191	
22.23235	34.3822497	34.3829863	34.1989901	34.191	
22.24251	34.3822497	34.3829863	34.1989901	34.191	
22.25266	34.3822497	34.3829863	34.1989901	34.191	
22.2629	34.3822497	34.3829863	34.1989901	34.191	
22.27297	34.3822497	34.3829863	34.1989901	34.191	
22.28315	34.3822497	34.3829863	34.1989901	34.191	
22.29341	34.3822497	34.3829863	34.1989901	34.191	
22.30347	34.3822497	34.3829863	34.1989901	34.191	
22.31362	34.3822497	34.3829863	34.1989901	34.191	
22.32376	34.3822497	34.3829863	34.1989901	34.191	
22.33395	34.3822497	34.3829863	34.1989901	34.191	
22.34407	34.3822497	34.3829863	34.1989901	34.191	
22.35422	34.3822497	34.3829863	34.1989901	34.191	
22.36439	34.3822497	34.3829863	34.1989901	34.191	
22.37454	34.3822497	34.3829863	34.1989901	34.191	
22.38469	34.3822497	34.3829863	34.1989901	34.191	
22.39484	34.3822497	34.3829863	34.1989901	34.191	
22.40501	34.3822497	34.3829863	34.1989901	34.191	
22.41515	34.3822497	34.3829863	34.1989901	34.191	
22.42525	34.3822497	34.3829863	34.1989901	34.191	
22.4357	34.3822497	34.3829863	34.1989901	34.191	
22.44573	34.3822497	34.3829863	34.1989901	34.191	
22.45579	34.3822497	34.3829863	34.1989901	34.191	
22.46594	34.3822497	34.3829863	34.1989901	34.191	
22.47617	34.3822497	34.3829863	34.1989901	34.191	
22.48626	34.3822497	34.3829863	34.1989901	34.191	
22.49641	34.3822497	34.3829863	34.1989901	34.191	
22.50655	34.3822497	34.3829863	34.1989901	34.191	
22.51676	34.3822497	34.3829863	34.1989901	34.191	
22.52699	34.3822497	34.3829863	34.1989901	34.191	
22.53701	34.3822497	34.3829863	34.1989901	34.191	
22.54715	34.3822497	34.3829863	34.1989901	34.191	
22.55736	34.3822497	34.3829863	34.1989901	34.191	
22.56746	34.3822497	34.3829863	34.1989901	34.191	
22.57757	34.3822497	34.3829863	34.1989901	34.191	
22.58776	34.3822497	34.3829863	34.1989901	34.191	
22.59787	34.3822497	34.3829863	34.1989901	34.191	
22.608	34.3822497	34.3829863	34.1989901	34.191	
22.6182	34.3822497	34.3829863	34.1989901	34.191	
22.62829	34.3822497	34.3829863	34.1989901	34.191	
22.63883	34.3822497	34.3829863	34.1989901	34.191	
22.6486	34.3822497	34.3829863	34.1989901	34.191	
22.6587	34.3822497	34.3829863	34.1989901	34.191	
22.66886	34.3822497	34.3829863	34.1989901	34.191	
22.67907	34.3822497	34.3829863	34.1989901	34.191	
22.68919	34.3822497	34.3829863	34.1989901	34.191	
22.69933	34.3822497	34.3829863	34.1989901	34.191	
22.70954	34.3822497	34.3829863	34.1989901	34.191	
22.72752	34.3822497	34.3829863	34.1989901	34.191	
22.73209	34.3822497	34.3829863	34.1989901	34.191	
22.74222	34.3822497	34.3829863	34.1989901	34.191	
22.75235	34.3822497	34.3829863	34.1989901	34.191	
22.77263	34.3822497	34.3829863	34.1989901	34.191	
22.77717	34.3822497	34.3829863	34.1989901	34.191	
22.78731	34.3822497	34.3829863	34.1989901	34.191	
22.79753	34.3822497	34.3829863	34.1989901	34.191	
22.80758	34.3822497	34.3829863	34.1989901	34.191	
22.81775	34.3822497	34.3829863	34.1989901	34.191	
22.82792	34.3822497	34.3829863	34.1989901	34.191	
22.83809	34.3822497	34.3829863	34.1989901	34.191	
22.84822	34.3822497	34.3829863	34.1989901	34.191	
22.85835	34.3822497	34.3829863	34.1989901	34.191	
22.86852	34.3822497	34.3829863	34.1989901	34.191	
22.87864	34.3822497	34.3829863	34.1989901	34.191	
22.88879	34.3822497	34.3829863	34.1989901	34.191	
22.89898	34.3822497	34.3829863	34.1989901	34.191	
22.90912	34.3822497	34.3829863	34.1989901	34.191	
22.91921	34.3822497	34.3829863	34.1989901	34.191	
22.92936	34.3822497	34.3829863	34.1989901	34.191	
22.94	34.3822497	34.3829863	34.1989901	34.191	
22.95022	34.3822497	34.3829863	34.1989901	34.191	
22.95991	34.3822497	34.3829863	34.1989901	34.191	
22.97002	34.3822497	34.3829863	34.1989901	34.191	
22.98019	34.3822497	34.3829863	34.1989901	34.191	
22.99033	34.3822497	34.3829863	34.1989901	34.191	
23.00049	34.3822497	34.3829863	34.1989901	34.191	
23.01065	34.3822497	34.3829863	34.1989901	34.191	
23.02081	34.3822497	34.3829863	34.1989901	34.191	
23.03104	34.3822497	34.3829863	34.1989901	34.191	
23.04115	34.3822497	34.3829863	34.1989901	34.191	
23.05131	34.3822497	34.3829863	34.1989901	34.191	
23.06154	34.3822497	34.3829863	34.1989901	34.191	
23.07163	34.3822497	34.3829863	34.1989901	34.191	
23.0818	34.3822497	34.3829863	34.1989901	34.191	
23.1019	34.3822497	34.3829863	34.1989901	34.191	
23.10642	34.3822497	34.3829863	34.1989901	34.191	
23.11656	34.3822497	34.3829863	34.1989901	34.191	
23.12681	34.3822497	34.3829863	34.1989901	34.191	
23.13697	34.3822497	34.3829863	34.1989901	34.191	
23.14708	34.3822497	34.3829863	34.1989901	34.191	
23.1572	34.3822497	34.3829863	34.1989901	34.191	
23.16735	34.3822497	34.3829863	34.1989901	34.191	
23.17747	34.3822497	34.3829863	34.1989901	34.191	
23.18763	34.3822497	34.3829863	34.1989901	34.191	
23.19782	34.3822497	34.3829863	34.1989901	34.191	
23.20792	34.3822497	34.3829863	34.1989901	34.191	
23.21813	34.3822497	34.3829863	34.1989901	34.191	
23.22827	34.3822497	34.3829863	34.1989901	34.191	
23.23837	34.3822497	34.3829863	34.1989901	34.191	
23.24851	34.3822497	34.3829863	34.1989901	34.191	
23.25864	34.3822497	34.3829863	34.1989901	34.191	
23.26883	34.3822497	34.3829863	34.1989901	34.191	
23.27905	34.3822497	34.3829863	34.1989901	34.191	
23.28913	34.3822497	34.3829863	34.1989901	34.191	
23.29928	34.3822497	34.3829863	34.1989901	34.191	
23.30951	34.3822497	34.3829863	34.1989901	34.191	
23.31964	34.3822497	34.3829863	34.1989901	34.191	
23.32976	34.3822497	34.3829863	34.1989901	34.191	
23.33992	34.3822497	34.3829863	34.1989901	34.191	
23.3501	34.3822497	34.3829863	34.1989901	34.191	
23.36023	34.3822497	34.3829863	34.1989901	34.191	
23.37041	34.3822497	34.3829863	34.1989901	34.191	
23.38059	34.3822497	34.3829863	34.1989901	34.191	
23.39074	34.3822497	34.3829863	34.1989901	34.191	
23.40088	34.3822497	34.3829863	34.1989901	34.191	
23.41106	34.3822497	34.3829863	34.1989901	34.191	
23.42119	34.3822497	34.3829863	34.1989901	34.191	
23.43136	34.3822497	34.3829863	34.1989901	34.191	
23.44152	34.3822497	34.3829863	34.1989901	34.191	
23.45168	34.3822497	34.3829863	34.1989901	34.191	
23.46187	34.3822497	34.3829863	34.1989901	34.191	
23.47199	34.3822497	34.3829863	34.1989901	34.191	
23.48212	34.3822497	34.3829863	34.1989901	34.191	
23.49236	34.3822497	34.3829863	34.1989901	34.191	
23.50246	34.3822497	34.3829863	34.1989901	34.191	
23.51262	34.3822497	34.3829863	34.1989901	34.191	
23.52277	34.3822497	34.3829863	34.1989901	34.191	
23.53301	34.3822497	34.3829863	34.1989901	34.191	
23.54312	34.3822497	34.3829863	34.1989901	34.191	
23.55326	34.3822497	34.3829863	34.1989901	34.191	
23.56341	34.3822497	34.3829863	34.1989901	34.191	
23.57362	34.3822497	34.3829863	34.1989901	34.191	
23.58377	34.3822497	34.3829863	34.1989901	34.191	
23.5939	34.3822497	34.3829863	34.1989901	34.191	
23.60411	34.3822497	34.3829863	34.1989901	34.191	
23.61422	34.3822497	34.3829863	34.1989901	34.191	
23.62431	34.3822497	34.3829863	34.1989901	34.191	
23.63451	34.3822497	34.3829863	34.1989901	34.191	
23.64471	34.3822497	34.3829863	34.1989901	34.191	
23.65493	34.3822497	34.3829863	34.1989901	34.191	
23.66498	34.3822497	34.3829863	34.1989901	34.191	
23.67511	34.3822497	34.3829863	34.1989901	34.191	
23.68533	34.3822497	34.3829863	34.1989901	34.191	
23.69546	34.3822497	34.3829863	34.1989901	34.191	
23.70563	34.3822497	34.3829863	34.1989901	34.191	
23.71574	34.3822497	34.3829863	34.1989901	34.191	
23.72592	34.3822497	34.3829863	34.1989901	34.191	
23.73603	34.3822497	34.3829863	34.1989901	34.191	
23.74617	34.3822497	34.3829863	34.1989901	34.191	
23.75643	34.3822497	34.3829863	34.1989901	34.191	
23.76653	34.3822497	34.3829863	34.1989901	34.191	
23.77666	34.3822497	34.3829863	34.1989901	34.191	
23.78682	34.3822497	34.3829863	34.1989901	34.191	
23.79698	34.3822497	34.3829863	34.1989901	34.191	
23.80714	34.3822497	34.3829863	34.1989901	34.191	
23.81727	34.3822497	34.3829863	34.1989901	34.191	
23.82741	34.3822497	34.3829863	34.1989901	34.191	
23.8378	34.3822497	34.3829863	34.1989901	34.191	
23.84771	34.3822497	34.3829863	34.1989901	34.191	
23.85783	34.3822497	34.3829863	34.1989901	34.191	
23.86803	34.3822497	34.3829863	34.1989901	34.191	
23.87821	34.3822497	34.3829863	34.1989901	34.191	
23.8883	34.3822497	34.3829863	34.1989901	34.191	
23.89848	34.3822497	34.3829863	34.1989901	34.191	
23.90863	34.3822497	34.3829863	34.1989901	34.191	
23.91871	34.3822497	34.3829863	34.1989901	34.191	
23.92889	34.3822497	34.3829863	34.1989901	34.191	
23.93903	34.3822497	34.3829863	34.1989901	34.191	
23.9492	34.3822497	34.3829863	34.1989901	34.191	
23.95934	34.3822497	34.3829863	34.1989901	34.191	
23.96947	34.3822497	34.3829863	34.1989901	34.191	
23.98751	34.3822497	34.3829863	34.1989901	34.191	
23.99201	34.3822497	34.3829863	34.1989901	34.191	
24.00239	34.3822497	34.3829863	34.1989901	34.191	
24.01238	34.3822497	34.3829863	34.1989901	34.191	
24.02251	34.3822497	34.3829863	34.1989901	34.191	
24.03265	34.3822497	34.3829863	34.1989901	34.191	
24.0428	34.3822497	34.3829863	34.1989901	34.191	
24.05298	34.3822497	34.3829863	34.1989901	34.191	
24.06314	34.3822497	34.3829863	34.1989901	34.191	
24.07332	34.3822497	34.3829863	34.1989901	34.191	
24.08347	34.3822497	34.3829863	34.1989901	34.191	
24.10358	34.3822497	34.3829863	34.1989901	34.191	
24.11607	34.3822497	34.3829863	34.1989901	34.191	
24.12058	34.3822497	34.3829863	34.1989901	34.191	
24.13076	34.3822497	34.3829863	34.1989901	34.191	
24.14096	34.3822497	34.3829863	34.1989901	34.191	
24.15117	34.3822497	34.3829863	34.1989901	34.191	
24.16132	34.3822497	34.3829863	34.1989901	34.191	
24.17144	34.3822497	34.3829863	34.1989901	34.191	
24.18164	34.3822497	34.3829863	34.1989901	34.191	
24.19176	34.3822497	34.3829863	34.1989901	34.191	
24.20192	34.3822497	34.3829863	34.1989901	34.191	
24.21217	34.3822497	34.3829863	34.1989901	34.191	
24.22223	34.3822497	34.3829863	34.1989901	34.191	
24.23236	34.3822497	34.3829863	34.1989901	34.191	
24.24253	34.3822497	34.3829863	34.1989901	34.191	
24.2527	34.3822497	34.3829863	34.1989901	34.191	
24.26288	34.3822497	34.3829863	34.1989901	34.191	
24.273	34.3822497	34.3829863	34.1989901	34.191	
24.28316	34.3822497	34.3829863	34.1989901	34.191	
24.29332	34.3822497	34.3829863	34.1989901	34.191	
24.30346	34.3822497	34.3829863	34.1989901	34.191	
24.31362	34.3822497	34.3829863	34.1989901	34.191	
24.32378	34.3822497	34.3829863	34.1989901	34.191	
24.33398	34.3822497	34.3829863	34.1989901	34.191	
24.34409	34.3822497	34.3829863	34.1989901	34.191	
24.35423	34.3822497	34.3829863	34.1989901	34.191	
24.36443	34.3822497	34.3829863	34.1989901	34.191	
24.37456	34.3822497	34.3829863	34.1989901	34.191	
24.3847	34.3822497	34.3829863	34.1989901	34.191	
24.39484	34.3822497	34.3829863	34.1989901	34.191	
24.40501	34.3822497	34.3829863	34.1989901	34.191	
24.41518	34.3822497	34.3829863	34.1989901	34.191	
24.42527	34.3822497	34.3829863	34.1989901	34.191	
24.43544	34.3822497	34.3829863	34.1989901	34.191	
24.44566	34.3822497	34.3829863	34.1989901	34.191	
24.45574	34.3822497	34.3829863	34.1989901	34.191	
24.46587	34.3822497	34.3829863	34.1989901	34.191	
24.47602	34.3822497	34.3829863	34.1989901	34.191	
24.48619	34.3822497	34.3829863	34.1989901	34.191	
24.49632	34.3822497	34.3829863	34.1989901	34.191	
24.50646	34.3822497	34.3829863	34.1989901	34.191	
24.51659	34.3822497	34.3829863	34.1989901	34.191	
24.52681	34.3822497	34.3829863	34.1989901	34.191	
24.53689	34.3822497	34.3829863	34.1989901	34.191	
24.54703	34.3822497	34.3829863	34.1989901	34.191	
24.55718	34.3822497	34.3829863	34.1989901	34.191	
24.56732	34.3822497	34.3829863	34.1989901	34.191	
24.57747	34.3822497	34.3829863	34.1989901	34.191	
24.58761	34.3822497	34.3829863	34.1989901	34.191	
24.5978	34.3822497	34.3829863	34.1989901	34.191	
24.60791	34.3822497	34.3829863	34.1989901	34.191	
24.61811	34.3822497	34.3829863	34.1989901	34.191	
24.6283	34.3822497	34.3829863	34.1989901	34.191	
24.63835	34.3822497	34.3829863	34.1989901	34.191	
24.64849	34.3822497	34.3829863	34.1989901	34.191	
24.65859	34.3822497	34.3829863	34.1989901	34.191	
24.66872	34.3822497	34.3829863	34.1989901	34.191	
24.67895	34.3822497	34.3829863	34.1989901	34.191	
24.68904	34.3822497	34.3829863	34.1989901	34.191	
24.69918	34.3822497	34.3829863	34.1989901	34.191	
24.70934	34.3822497	34.3829863	34.1989901	34.191	
24.71947	34.3822497	34.3829863	34.1989901	34.191	
24.7375	34.3822497	34.3829863	34.1989901	34.191	
24.74206	34.3822497	34.3829863	34.1989901	34.191	
24.75218	34.3822497	34.3829863	34.1989901	34.191	
24.7718	34.3822497	34.3829863	34.1989901	34.191	
24.77636	34.3822497	34.3829863	34.1989901	34.191	
24.7865	34.3822497	34.3829863	34.1989901	34.191	
24.79664	34.3822497	34.3829863	34.1989901	34.191	
24.80681	34.3822497	34.3829863	34.1989901	34.191	
24.81699	34.3822497	34.3829863	34.1989901	34.191	
24.82707	34.3822497	34.3829863	34.1989901	34.191	
24.83722	34.3822497	34.3829863	34.1989901	34.191	
24.84735	34.3822497	34.3829863	34.1989901	34.191	
24.85748	34.3822497	34.3829863	34.1989901	34.191	
24.86765	34.3822497	34.3829863	34.1989901	34.191	
24.87785	34.3822497	34.3829863	34.1989901	34.191	
24.88793	34.3822497	34.3829863	34.1989901	34.191	
24.89816	34.3822497	34.3829863	34.1989901	34.191	
24.90831	34.3822497	34.3829863	34.1989901	34.191	
24.91838	34.3822497	34.3829863	34.1989901	34.191	
24.92854	34.3822497	34.3829863	34.1989901	34.191	
24.93867	34.3822497	34.3829863	34.1989901	34.191	
24.94888	34.3822497	34.3829863	34.1989901	34.191	
24.96698	34.3822497	34.3829863	34.1989901	34.191	
24.97151	34.3822497	34.3829863	34.1989901	34.191	
24.98176	34.3822497	34.3829863	34.1989901	34.191	
24.99183	34.3822497	34.3829863	34.1989901	34.191	
25.00198	34.3822497	34.3829863	34.1989901	34.191	
25.01215	34.3822497	34.3829863	34.1989901	34.191	
25.02231	34.3822497	34.3829863	34.1989901	34.191	
25.03244	34.3822497	34.3829863	34.1989901	34.191	
25.04259	34.3822497	34.3829863	34.1989901	34.191	
25.05278	34.3822497	34.3829863	34.1989901	34.191	
25.06298	34.3822497	34.3829863	34.1989901	34.191	
25.07311	34.3822497	34.3829863	34.1989901	34.191	
25.08325	34.3822497	34.3829863	34.1989901	34.191	
25.09545	34.3822497	34.3829863	34.1989901	34.191	
25.10353	34.3822497	34.3829863	34.1989901	34.191	
25.11365	34.3822497	34.3829863	34.1989901	34.191	
25.12377	34.3822497	34.3829863	34.1989901	34.191	
25.13401	34.3822497	34.3829863	34.1989901	34.191	
25.1441	34.3822497	34.3829863	34.1989901	34.191	
25.15426	34.3822497	34.3829863	34.1989901	34.191	
25.16443	34.3822497	34.3829863	34.1989901	34.191	
25.17455	34.3822497	34.3829863	34.1989901	34.191	
25.18473	34.3822497	34.3829863	34.1989901	34.191	
25.19488	34.3822497	34.3829863	34.1989901	34.191	
25.20505	34.3822497	34.3829863	34.1989901	34.191	
25.21526	34.3822497	34.3829863	34.1989901	34.191	
25.22543	34.3822497	34.3829863	34.1989901	34.191	
25.23553	34.3822497	34.3829863	34.1989901	34.191	
25.2458	34.3822497	34.3829863	34.1989901	34.191	
25.25612	34.3822497	34.3829863	34.1989901	34.191	
25.26603	34.3822497	34.3829863	34.1989901	34.191	
25.27621	34.3822497	34.3829863	34.1989901	34.191	
25.28631	34.3822497	34.3829863	34.1989901	34.191	
25.29646	34.3822497	34.3829863	34.1989901	34.191	
25.30665	34.3822497	34.3829863	34.1989901	34.191	
25.3168	34.3822497	34.3829863	34.1989901	34.191	
25.3269	34.3822497	34.3829863	34.1989901	34.191	
25.33704	34.3822497	34.3829863	34.1989901	34.191	
25.34719	34.3822497	34.3829863	34.1989901	34.191	
25.35733	34.3822497	34.3829863	34.1989901	34.191	
25.36749	34.3822497	34.3829863	34.1989901	34.191	
25.37763	34.3822497	34.3829863	34.1989901	34.191	
25.39771	34.3822497	34.3829863	34.1989901	34.191	
25.4023	34.3822497	34.3829863	34.1989901	34.191	
25.4124	34.3822497	34.3829863	34.1989901	34.191	
25.42251	34.3822497	34.3829863	34.1989901	34.191	
25.43268	34.3822497	34.3829863	34.1989901	34.191	
25.44282	34.3822497	34.3829863	34.1989901	34.191	
25.45302	34.3822497	34.3829863	34.1989901	34.191	
25.46333	34.3822497	34.3829863	34.1989901	34.191	
25.47335	34.3822497	34.3829863	34.1989901	34.191	
25.48349	34.3822497	34.3829863	34.1989901	34.191	
25.49373	34.3822497	34.3829863	34.1989901	34.191	
25.5038	34.3822497	34.3829863	34.1989901	34.191	
25.51394	34.3822497	34.3829863	34.1989901	34.191	
25.5241	34.3822497	34.3829863	34.1989901	34.191	
25.53427	34.3822497	34.3829863	34.1989901	34.191	
25.54441	34.3822497	34.3829863	34.1989901	34.191	
25.55456	34.3822497	34.3829863	34.1989901	34.191	
25.56471	34.3822497	34.3829863	34.1989901	34.191	
25.57493	34.3822497	34.3829863	34.1989901	34.191	
25.58503	34.3822497	34.3829863	34.1989901	34.191	
25.59521	34.3822497	34.3829863	34.1989901	34.191	
25.60534	34.3822497	34.3829863	34.1989901	34.191	
25.61547	34.3822497	34.3829863	34.1989901	34.191	
25.62565	34.3822497	34.3829863	34.1989901	34.191	
25.63578	34.3822497	34.3829863	34.1989901	34.191	
25.64597	34.3822497	34.3829863	34.1989901	34.191	
25.65607	34.3822497	34.3829863	34.1989901	34.191	
25.66616	34.3822497	34.3829863	34.1989901	34.191	
25.67635	34.3822497	34.3829863	34.1989901	34.191	
25.68651	34.3822497	34.3829863	34.1989901	34.191	
25.69665	34.3822497	34.3829863	34.1989901	34.191	
25.70679	34.3822497	34.3829863	34.1989901	34.191	
25.71698	34.3822497	34.3829863	34.1989901	34.191	
25.73495	34.3822497	34.3829863	34.1989901	34.191	
25.73949	34.3822497	34.3829863	34.1989901	34.191	
25.7575	34.3822497	34.3829863	34.1989901	34.191	
25.76201	34.3822497	34.3829863	34.1989901	34.191	
25.77221	34.3822497	34.3829863	34.1989901	34.191	
25.78237	34.3822497	34.3829863	34.1989901	34.191	
25.79251	34.3822497	34.3829863	34.1989901	34.191	
25.80265	34.3822497	34.3829863	34.1989901	34.191	
25.81281	34.3822497	34.3829863	34.1989901	34.191	
25.82297	34.3822497	34.3829863	34.1989901	34.191	
25.83311	34.3822497	34.3829863	34.1989901	34.191	
25.84328	34.3822497	34.3829863	34.1989901	34.191	
25.85344	34.3822497	34.3829863	34.1989901	34.191	
25.86371	34.3822497	34.3829863	34.1989901	34.191	
25.87376	34.3822497	34.3829863	34.1989901	34.191	
25.88412	34.3822497	34.3829863	34.1989901	34.191	
25.89428	34.3822497	34.3829863	34.1989901	34.191	
25.90441	34.3822497	34.3829863	34.1989901	34.191	
25.9146	34.3822497	34.3829863	34.1989901	34.191	
25.92469	34.3822497	34.3829863	34.1989901	34.191	
25.93486	34.3822497	34.3829863	34.1989901	34.191	
25.94501	34.3822497	34.3829863	34.1989901	34.191	
25.95523	34.3822497	34.3829863	34.1989901	34.191	
25.96531	34.3822497	34.3829863	34.1989901	34.191	
25.97545	34.3822497	34.3829863	34.1989901	34.191	
25.98564	34.3822497	34.3829863	34.1989901	34.191	
25.99574	34.3822497	34.3829863	34.1989901	34.191	
26.00593	34.3822497	34.3829863	34.1989901	34.191	
26.01603	34.3822497	34.3829863	34.1989901	34.191	
26.02617	34.3822497	34.3829863	34.1989901	34.191	
26.03638	34.3822497	34.3829863	34.1989901	34.191	
26.04647	34.3822497	34.3829863	34.1989901	34.191	
26.05659	34.3822497	34.3829863	34.1989901	34.191	
26.06679	34.3822497	34.3829863	34.1989901	34.191	
26.07699	34.3822497	34.3829863	34.1989901	34.191	
26.08717	34.3822497	34.3829863	34.1989901	34.191	
26.09938	34.3822497	34.3829863	34.1989901	34.191	
26.10737	34.3822497	34.3829863	34.1989901	34.191	
26.1175	34.3822497	34.3829863	34.1989901	34.191	
26.12766	34.3822497	34.3829863	34.1989901	34.191	
26.1378	34.3822497	34.3829863	34.1989901	34.191	
26.14796	34.3822497	34.3829863	34.1989901	34.191	
26.15819	34.3822497	34.3829863	34.1989901	34.191	
26.16825	34.3822497	34.3829863	34.1989901	34.191	
26.1784	34.3822497	34.3829863	34.1989901	34.191	
26.18854	34.3822497	34.3829863	34.1989901	34.191	
26.19873	34.3822497	34.3829863	34.1989901	34.191	
26.20883	34.3822497	34.3829863	34.1989901	34.191	
26.21899	34.3822497	34.3829863	34.1989901	34.191	
26.22911	34.3822497	34.3829863	34.1989901	34.191	
26.23935	34.3822497	34.3829863	34.1989901	34.191	
26.24945	34.3822497	34.3829863	34.1989901	34.191	
26.25964	34.3822497	34.3829863	34.1989901	34.191	
26.26983	34.3822497	34.3829863	34.1989901	34.191	
26.27992	34.3822497	34.3829863	34.1989901	34.191	
26.29006	34.3822497	34.3829863	34.1989901	34.191	
26.30047	34.3822497	34.3829863	34.1989901	34.191	
26.31039	34.3822497	34.3829863	34.1989901	34.191	
26.32054	34.3822497	34.3829863	34.1989901	34.191	
26.3307	34.3822497	34.3829863	34.1989901	34.191	
26.34086	34.3822497	34.3829863	34.1989901	34.191	
26.35103	34.3822497	34.3829863	34.1989901	34.191	
26.36117	34.3822497	34.3829863	34.1989901	34.191	
26.37133	34.3822497	34.3829863	34.1989901	34.191	
26.38151	34.3822497	34.3829863	34.1989901	34.191	
26.39164	34.3822497	34.3829863	34.1989901	34.191	
26.4018	34.3822497	34.3829863	34.1989901	34.191	
26.41198	34.3822497	34.3829863	34.1989901	34.191	
26.42212	34.3822497	34.3829863	34.1989901	34.191	
26.43228	34.3822497	34.3829863	34.1989901	34.191	
26.44242	34.3822497	34.3829863	34.1989901	34.191	
26.45263	34.3822497	34.3829863	34.1989901	34.191	
26.46274	34.3822497	34.3829863	34.1989901	34.191	
26.4729	34.3822497	34.3829863	34.1989901	34.191	
26.48304	34.3822497	34.3829863	34.1989901	34.191	
26.4932	34.3822497	34.3829863	34.1989901	34.191	
26.50338	34.3822497	34.3829863	34.1989901	34.191	
26.51352	34.3822497	34.3829863	34.1989901	34.191	
26.52367	34.3822497	34.3829863	34.1989901	34.191	
26.53391	34.3822497	34.3829863	34.1989901	34.191	
26.54398	34.3822497	34.3829863	34.1989901	34.191	
26.55411	34.3822497	34.3829863	34.1989901	34.191	
26.56431	34.3822497	34.3829863	34.1989901	34.191	
26.57446	34.3822497	34.3829863	34.1989901	34.191	
26.58457	34.3822497	34.3829863	34.1989901	34.191	
26.59474	34.3822497	34.3829863	34.1989901	34.191	
26.6049	34.3822497	34.3829863	34.1989901	34.191	
26.61535	34.3822497	34.3829863	34.1989901	34.191	
26.62544	34.3822497	34.3829863	34.1989901	34.191	
26.63562	34.3822497	34.3829863	34.1989901	34.191	
26.64581	34.3822497	34.3829863	34.1989901	34.191	
26.65589	34.3822497	34.3829863	34.1989901	34.191	
26.66596	34.3822497	34.3829863	34.1989901	34.191	
26.67613	34.3822497	34.3829863	34.1989901	34.191	
26.68632	34.3822497	34.3829863	34.1989901	34.191	
26.69646	34.3822497	34.3829863	34.1989901	34.191	
26.70659	34.3822497	34.3829863	34.1989901	34.191	
26.71681	34.3822497	34.3829863	34.1989901	34.191	
26.72699	34.3822497	34.3829863	34.1989901	34.191	
26.73707	34.3822497	34.3829863	34.1989901	34.191	
26.74722	34.3822497	34.3829863	34.1989901	34.191	
26.75938	34.3822497	34.3829863	34.1989901	34.191	
26.76749	34.3822497	34.3829863	34.1989901	34.191	
26.77765	34.3822497	34.3829863	34.1989901	34.191	
26.78778	34.3822497	34.3829863	34.1989901	34.191	
26.79795	34.3822497	34.3829863	34.1989901	34.191	
26.81636	34.3822497	34.3829863	34.1989901	34.191	
26.82109	34.3822497	34.3829863	34.1989901	34.191	
26.83109	34.3822497	34.3829863	34.1989901	34.191	
26.84123	34.3822497	34.3829863	34.1989901	34.191	
26.85138	34.3822497	34.3829863	34.1989901	34.191	
26.86151	34.3822497	34.3829863	34.1989901	34.191	
26.87171	34.3822497	34.3829863	34.1989901	34.191	
26.88189	34.3822497	34.3829863	34.1989901	34.191	
26.89204	34.3822497	34.3829863	34.1989901	34.191	
26.90223	34.3822497	34.3829863	34.1989901	34.191	
26.91234	34.3822497	34.3829863	34.1989901	34.191	
26.92247	34.3822497	34.3829863	34.1989901	34.191	
26.93272	34.3822497	34.3829863	34.1989901	34.191	
26.94282	34.3822497	34.3829863	34.1989901	34.191	
26.95296	34.3822497	34.3829863	34.1989901	34.191	
26.96312	34.3822497	34.3829863	34.1989901	34.191	
26.97328	34.3822497	34.3829863	34.1989901	34.191	
26.98346	34.3822497	34.3829863	34.1989901	34.191	
26.99361	34.3822497	34.3829863	34.1989901	34.191	
27.00376	34.3822497	34.3829863	34.1989901	34.191	
27.01397	34.3822497	34.3829863	34.1989901	34.191	
27.02407	34.3822497	34.3829863	34.1989901	34.191	
27.03424	34.3822497	34.3829863	34.1989901	34.191	
27.04446	34.3822497	34.3829863	34.1989901	34.191	
27.05456	34.3822497	34.3829863	34.1989901	34.191	
27.06469	34.3822497	34.3829863	34.1989901	34.191	
27.07487	34.3822497	34.3829863	34.1989901	34.191	
27.08508	34.3822497	34.3829863	34.1989901	34.191	
27.11107	34.3822497	34.3829863	34.1989901	34.191	
27.1157	34.3822497	34.3829863	34.1989901	34.191	
27.12581	34.3822497	34.3829863	34.1989901	34.191	
27.13611	34.3822497	34.3829863	34.1989901	34.191	
27.1461	34.3822497	34.3829863	34.1989901	34.191	
27.15619	34.3822497	34.3829863	34.1989901	34.191	
27.16639	34.3822497	34.3829863	34.1989901	34.191	
27.17648	34.3822497	34.3829863	34.1989901	34.191	
27.18665	34.3822497	34.3829863	34.1989901	34.191	
27.19684	34.3822497	34.3829863	34.1989901	34.191	
27.20697	34.3822497	34.3829863	34.1989901	34.191	
27.21712	34.3822497	34.3829863	34.1989901	34.191	
27.22727	34.3822497	34.3829863	34.1989901	34.191	
27.23739	34.3822497	34.3829863	34.1989901	34.191	
27.24757	34.3822497	34.3829863	34.1989901	34.191	
27.25769	34.3822497	34.3829863	34.1989901	34.191	
27.26784	34.3822497	34.3829863	34.1989901	34.191	
27.27808	34.3822497	34.3829863	34.1989901	34.191	
27.29601	34.3822497	34.3829863	34.1989901	34.191	
27.30053	34.3822497	34.3829863	34.1989901	34.191	
27.3107	34.3822497	34.3829863	34.1989901	34.191	
27.32084	34.3822497	34.3829863	34.1989901	34.191	
27.33099	34.3822497	34.3829863	34.1989901	34.191	
27.34116	34.3822497	34.3829863	34.1989901	34.191	
27.35142	34.3822497	34.3829863	34.1989901	34.191	
27.36152	34.3822497	34.3829863	34.1989901	34.191	
27.37167	34.3822497	34.3829863	34.1989901	34.191	
27.38192	34.3822497	34.3829863	34.1989901	34.191	
27.39199	34.3822497	34.3829863	34.1989901	34.191	
27.40214	34.3822497	34.3829863	34.1989901	34.191	
27.4123	34.3822497	34.3829863	34.1989901	34.191	
27.42243	34.3822497	34.3829863	34.1989901	34.191	
27.4326	34.3822497	34.3829863	34.1989901	34.191	
27.44276	34.3822497	34.3829863	34.1989901	34.191	
27.45292	34.3822497	34.3829863	34.1989901	34.191	
27.46308	34.3822497	34.3829863	34.1989901	34.191	
27.47364	34.3822497	34.3829863	34.1989901	34.191	
27.48342	34.3822497	34.3829863	34.1989901	34.191	
27.49358	34.3822497	34.3829863	34.1989901	34.191	
27.5037	34.3822497	34.3829863	34.1989901	34.191	
27.51387	34.3822497	34.3829863	34.1989901	34.191	
27.52401	34.3822497	34.3829863	34.1989901	34.191	
27.53423	34.3822497	34.3829863	34.1989901	34.191	
27.54432	34.3822497	34.3829863	34.1989901	34.191	
27.5545	34.3822497	34.3829863	34.1989901	34.191	
27.56467	34.3822497	34.3829863	34.1989901	34.191	
27.575	34.3822497	34.3829863	34.1989901	34.191	
27.58512	34.3822497	34.3829863	34.1989901	34.191	
27.5953	34.3822497	34.3829863	34.1989901	34.191	
27.60542	34.3822497	34.3829863	34.1989901	34.191	
27.61562	34.3822497	34.3829863	34.1989901	34.191	
27.62573	34.3822497	34.3829863	34.1989901	34.191	
27.63588	34.3822497	34.3829863	34.1989901	34.191	
27.64606	34.3822497	34.3829863	34.1989901	34.191	
27.65618	34.3822497	34.3829863	34.1989901	34.191	
27.66628	34.3822497	34.3829863	34.1989901	34.191	
27.67644	34.3822497	34.3829863	34.1989901	34.191	
27.68659	34.3822497	34.3829863	34.1989901	34.191	
27.6968	34.3822497	34.3829863	34.1989901	34.191	
27.7069	34.3822497	34.3829863	34.1989901	34.191	
27.71705	34.3822497	34.3829863	34.1989901	34.191	
27.72722	34.3822497	34.3829863	34.1989901	34.191	
27.73733	34.3822497	34.3829863	34.1989901	34.191	
27.74748	34.3822497	34.3829863	34.1989901	34.191	
27.75763	34.3822497	34.3829863	34.1989901	34.191	
27.7678	34.3822497	34.3829863	34.1989901	34.191	
27.77793	34.3822497	34.3829863	34.1989901	34.191	
27.78815	34.3822497	34.3829863	34.1989901	34.191	
27.79826	34.3822497	34.3829863	34.1989901	34.191	
27.80872	34.3822497	34.3829863	34.1989901	34.191	
27.8185	34.3822497	34.3829863	34.1989901	34.191	
27.82868	34.3822497	34.3829863	34.1989901	34.191	
27.8388	34.3822497	34.3829863	34.1989901	34.191	
27.84892	34.3822497	34.3829863	34.1989901	34.191	
27.85904	34.3822497	34.3829863	34.1989901	34.191	
27.8693	34.3822497	34.3829863	34.1989901	34.191	
27.87949	34.3822497	34.3829863	34.1989901	34.191	
27.8975	34.3822497	34.3829863	34.1989901	34.191	
27.90207	34.3822497	34.3829863	34.1989901	34.191	
27.91219	34.3822497	34.3829863	34.1989901	34.191	
27.9223	34.3822497	34.3829863	34.1989901	34.191	
27.93256	34.3822497	34.3829863	34.1989901	34.191	
27.94264	34.3822497	34.3829863	34.1989901	34.191	
27.95277	34.3822497	34.3829863	34.1989901	34.191	
27.96297	34.3822497	34.3829863	34.1989901	34.191	
27.97312	34.3822497	34.3829863	34.1989901	34.191	
27.98332	34.3822497	34.3829863	34.1989901	34.191	
27.99342	34.3822497	34.3829863	34.1989901	34.191	
28.00357	34.3822497	34.3829863	34.1989901	34.191	
28.01378	34.3822497	34.3829863	34.1989901	34.191	
28.02388	34.3822497	34.3829863	34.1989901	34.191	
28.03404	34.3822497	34.3829863	34.1989901	34.191	
28.04418	34.3822497	34.3829863	34.1989901	34.191	
28.05435	34.3822497	34.3829863	34.1989901	34.191	
28.06449	34.3822497	34.3829863	34.1989901	34.191	
28.07473	34.3822497	34.3829863	34.1989901	34.191	
28.08484	34.3822497	34.3829863	34.1989901	34.191	
28.09497	34.3822497	34.3829863	34.1989901	34.191	
28.10583	34.3822497	34.3829863	34.1989901	34.191	
28.11592	34.3822497	34.3829863	34.1989901	34.191	
28.12611	34.3822497	34.3829863	34.1989901	34.191	
28.13622	34.3822497	34.3829863	34.1989901	34.191	
28.14643	34.3822497	34.3829863	34.1989901	34.191	
28.15658	34.3822497	34.3829863	34.1989901	34.191	
28.16675	34.3822497	34.3829863	34.1989901	34.191	
28.17684	34.3822497	34.3829863	34.1989901	34.191	
28.18702	34.3822497	34.3829863	34.1989901	34.191	
28.19715	34.3822497	34.3829863	34.1989901	34.191	
28.20733	34.3822497	34.3829863	34.1989901	34.191	
28.21746	34.3822497	34.3829863	34.1989901	34.191	
28.22758	34.3822497	34.3829863	34.1989901	34.191	
28.23773	34.3822497	34.3829863	34.1989901	34.191	
28.24788	34.3822497	34.3829863	34.1989901	34.191	
28.25802	34.3822497	34.3829863	34.1989901	34.191	
28.26821	34.3822497	34.3829863	34.1989901	34.191	
28.27835	34.3822497	34.3829863	34.1989901	34.191	
28.28851	34.3822497	34.3829863	34.1989901	34.191	
28.29858	34.3822497	34.3829863	34.1989901	34.191	
28.30899	34.3822497	34.3829863	34.1989901	34.191	
28.31889	34.3822497	34.3829863	34.1989901	34.191	
28.32903	34.3822497	34.3829863	34.1989901	34.191	
28.33916	34.3822497	34.3829863	34.1989901	34.191	
28.34934	34.3822497	34.3829863	34.1989901	34.191	
28.35961	34.3822497	34.3829863	34.1989901	34.191	
28.36972	34.3822497	34.3829863	34.1989901	34.191	
28.37981	34.3822497	34.3829863	34.1989901	34.191	
28.39004	34.3822497	34.3829863	34.1989901	34.191	
28.40014	34.3822497	34.3829863	34.1989901	34.191	
28.41028	34.3822497	34.3829863	34.1989901	34.191	
28.42041	34.3822497	34.3829863	34.1989901	34.191	
28.4306	34.3822497	34.3829863	34.1989901	34.191	
28.44074	34.3822497	34.3829863	34.1989901	34.191	
28.45091	34.3822497	34.3829863	34.1989901	34.191	
28.46106	34.3822497	34.3829863	34.1989901	34.191	
28.47123	34.3822497	34.3829863	34.1989901	34.191	
28.48137	34.3822497	34.3829863	34.1989901	34.191	
28.49154	34.3822497	34.3829863	34.1989901	34.191	
28.50172	34.3822497	34.3829863	34.1989901	34.191	
28.51185	34.3822497	34.3829863	34.1989901	34.191	
28.52201	34.3822497	34.3829863	34.1989901	34.191	
28.53217	34.3822497	34.3829863	34.1989901	34.191	
28.54237	34.3822497	34.3829863	34.1989901	34.191	
28.55248	34.3822497	34.3829863	34.1989901	34.191	
28.56263	34.3822497	34.3829863	34.1989901	34.191	
28.57299	34.3822497	34.3829863	34.1989901	34.191	
28.58297	34.3822497	34.3829863	34.1989901	34.191	
28.59311	34.3822497	34.3829863	34.1989901	34.191	
28.6033	34.3822497	34.3829863	34.1989901	34.191	
28.61345	34.3822497	34.3829863	34.1989901	34.191	
28.62362	34.3822497	34.3829863	34.1989901	34.191	
28.63376	34.3822497	34.3829863	34.1989901	34.191	
28.64392	34.3822497	34.3829863	34.1989901	34.191	
28.65413	34.3822497	34.3829863	34.1989901	34.191	
28.6642	34.3822497	34.3829863	34.1989901	34.191	
28.67435	34.3822497	34.3829863	34.1989901	34.191	
28.68456	34.3822497	34.3829863	34.1989901	34.191	
28.69469	34.3822497	34.3829863	34.1989901	34.191	
28.70487	34.3822497	34.3829863	34.1989901	34.191	
28.71496	34.3822497	34.3829863	34.1989901	34.191	
28.72514	34.3822497	34.3829863	34.1989901	34.191	
28.73532	34.3822497	34.3829863	34.1989901	34.191	
28.7454	34.3822497	34.3829863	34.1989901	34.191	
28.75556	34.3822497	34.3829863	34.1989901	34.191	
28.77574	34.3822497	34.3829863	34.1989901	34.191	
28.78028	34.3822497	34.3829863	34.1989901	34.191	
28.79043	34.3822497	34.3829863	34.1989901	34.191	
28.80061	34.3822497	34.3829863	34.1989901	34.191	
28.81084	34.3822497	34.3829863	34.1989901	34.191	
28.82096	34.3822497	34.3829863	34.1989901	34.191	
28.83111	34.3822497	34.3829863	34.1989901	34.191	
28.84144	34.3822497	34.3829863	34.1989901	34.191	
28.85156	34.3822497	34.3829863	34.1989901	34.191	
28.8617	34.3822497	34.3829863	34.1989901	34.191	
28.87189	34.3822497	34.3829863	34.1989901	34.191	
28.88205	34.3822497	34.3829863	34.1989901	34.191	
28.89224	34.3822497	34.3829863	34.1989901	34.191	
28.90237	34.3822497	34.3829863	34.1989901	34.191	
28.91254	34.3822497	34.3829863	34.1989901	34.191	
28.92265	34.3822497	34.3829863	34.1989901	34.191	
28.93283	34.3822497	34.3829863	34.1989901	34.191	
28.94301	34.3822497	34.3829863	34.1989901	34.191	
28.95313	34.3822497	34.3829863	34.1989901	34.191	
28.96331	34.3822497	34.3829863	34.1989901	34.191	
28.97346	34.3822497	34.3829863	34.1989901	34.191	
28.98363	34.3822497	34.3829863	34.1989901	34.191	
28.99376	34.3822497	34.3829863	34.1989901	34.191	
29.0039	34.3822497	34.3829863	34.1989901	34.191	
29.01416	34.3822497	34.3829863	34.1989901	34.191	
29.0242	34.3822497	34.3829863	34.1989901	34.191	
29.03437	34.3822497	34.3829863	34.1989901	34.191	
29.04455	34.3822497	34.3829863	34.1989901	34.191	
29.05467	34.3822497	34.3829863	34.1989901	34.191	
29.06483	34.3822497	34.3829863	34.1989901	34.191	
29.07517	34.3822497	34.3829863	34.1989901	34.191	
29.08513	34.3822497	34.3829863	34.1989901	34.191	
29.09528	34.3822497	34.3829863	34.1989901	34.191	
29.11536	34.3822497	34.3829863	34.1989901	34.191	
29.13599	34.3822497	34.3829863	34.1989901	34.191	
29.14058	34.3822497	34.3829863	34.1989901	34.191	
29.15068	34.3822497	34.3829863	34.1989901	34.191	
29.16086	34.3822497	34.3829863	34.1989901	34.191	
29.17096	34.3822497	34.3829863	34.1989901	34.191	
29.18117	34.3822497	34.3829863	34.1989901	34.191	
29.19132	34.3822497	34.3829863	34.1989901	34.191	
29.20148	34.3822497	34.3829863	34.1989901	34.191	
29.21162	34.3822497	34.3829863	34.1989901	34.191	
29.22179	34.3822497	34.3829863	34.1989901	34.191	
29.23195	34.3822497	34.3829863	34.1989901	34.191	
29.24211	34.3822497	34.3829863	34.1989901	34.191	
29.25227	34.3822497	34.3829863	34.1989901	34.191	
29.26246	34.3822497	34.3829863	34.1989901	34.191	
29.27258	34.3822497	34.3829863	34.1989901	34.191	
29.28273	34.3822497	34.3829863	34.1989901	34.191	
29.29293	34.3822497	34.3829863	34.1989901	34.191	
29.30307	34.3822497	34.3829863	34.1989901	34.191	
29.31319	34.3822497	34.3829863	34.1989901	34.191	
29.32335	34.3822497	34.3829863	34.1989901	34.191	
29.33354	34.3822497	34.3829863	34.1989901	34.191	
29.3437	34.3822497	34.3829863	34.1989901	34.191	
29.37088	34.3822497	34.3829863	34.1989901	34.191	
