4.721744	0.376915819	0.375245789	0.0976631388	0.0959931089	
4.73162	0.378598747	0.375245789	0.099346067	0.0959931089	
4.741703	0.380934847	0.375245789	0.101682167	0.0959931089	
4.75187	0.383913178	0.375245789	0.104660498	0.0959931089	
4.762412	0.387807345	0.375245789	0.108554665	0.0959931089	
4.7722	0.391733617	0.375245789	0.112480937	0.0959931089	
4.78233	0.396549643	0.383972435	0.117296963	0.0959931089	
4.792485	0.401999211	0.383972435	0.12274653	0.0959931089	
4.810464	0.414011225	0.392699082	0.134758545	0.0959931089	
4.81496	0.416950293	0.392699082	0.137697613	0.0959931089	
4.825144	0.424419518	0.401425728	0.145166838	0.0959931089	
4.835285	0.432460029	0.401425728	0.153207349	0.0959931089	
4.845423	0.441118741	0.401425728	0.16186606	0.0959931089	
4.855565	0.450398029	0.410152374	0.171145349	0.0959931089	
4.865753	0.460344533	0.41887902	0.181091853	0.0959931089	
4.875886	0.470850606	0.41887902	0.191597926	0.0959931089	
4.886089	0.482059462	0.436332313	0.202806782	0.104719755	
4.8962	0.493775614	0.436332313	0.214522933	0.104719755	
4.906319	0.506111711	0.453785606	0.226859031	0.113446401	
4.916512	0.519171564	0.462512252	0.239918884	0.122173048	
4.926979	0.533250148	0.479965544	0.253997468	0.13962634	
4.936929	0.547202218	0.488692191	0.267949538	0.157079633	
4.947035	0.561993361	0.506145483	0.282740681	0.174532925	
4.957176	0.577455334	0.523598776	0.298202654	0.20943951	
4.967375	0.593628276	0.532325422	0.314375595	0.226892803	
4.977515	0.610325996	0.549778714	0.331073316	0.261799388	
4.987645	0.627622647	0.558505361	0.348369967	0.287979327	
4.997785	0.645559173	0.575958653	0.366306493	0.314159265	
5.007964	0.664172526	0.584685299	0.384919846	0.340339204	
5.018062	0.683262295	0.602138592	0.404009615	0.366519143	
5.028634	0.703927743	0.610865238	0.424675063	0.383972435	
5.038711	0.7242157	0.628318531	0.44496302	0.410152374	
5.048918	0.745407272	0.645771823	0.466154592	0.436332313	
5.059025	0.766981629	0.671951762	0.487728949	0.453785606	
5.069123	0.789170575	0.698131701	0.509917895	0.479965544	
5.079349	0.812256163	0.715584993	0.533003482	0.497418837	
5.089466	0.835703793	0.750491578	0.556451112	0.523598776	
5.099587	0.859789882	0.776671517	0.580537202	0.549778714	
5.109779	0.884663091	0.802851456	0.605410411	0.567232007	
5.120235	0.910844832	0.837758041	0.631592151	0.593411946	
5.130135	0.936224455	0.872664626	0.656971775	0.628318531	
5.14024	0.96270827	0.907571211	0.68345559	0.654498469	
5.150369	0.989889797	0.942477796	0.710637116	0.680678408	
5.160491	1.01766977	0.977384381	0.738417087	0.715584993	
5.170853	1.04677171	1.01229097	0.767519031	0.741764932	
5.180803	1.07538785	1.04719755	0.796135172	0.767944871	
5.190956	1.10501241	1.08210414	0.825759731	0.802851456	
5.201148	1.1354578	1.10828408	0.856205119	0.829031395	
5.211248	1.1662526	1.14319066	0.886999918	0.86393798	
5.221699	1.19879997	1.17809725	0.919547292	0.890117919	
5.231643	1.2303414	1.20427718	0.951088722	0.916297857	
5.241727	1.26291158	1.23918377	0.983658903	0.942477796	
5.251856	1.29626033	1.27409035	1.01700765	0.977384381	
5.262004	1.33029344	1.30899694	1.05104076	1.01229097	
5.272159	1.36497949	1.34390352	1.08572681	1.04719755	
5.282289	1.40017409	1.37881011	1.12092141	1.08210414	
5.292421	1.43599853	1.41371669	1.15674585	1.11701072	
5.302625	1.47271545	1.44862328	1.19346277	1.15191731	
5.312727	1.50966363	1.48352986	1.23041095	1.18682389	
5.323125	1.54835998	1.51843645	1.2691073	1.23045712	
5.333297	1.58684101	1.55334303	1.30758833	1.27409035	
5.343649	1.62662423	1.59697627	1.34737155	1.30899694	
5.353561	1.66529208	1.63188285	1.3860394	1.35263017	
5.363707	1.70552179	1.66678944	1.42626911	1.3962634	
5.373927	1.74665769	1.71042267	1.46740501	1.43989663	
5.384035	1.78795643	1.74532925	1.50870375	1.47480322	
5.394169	1.82996566	1.78896248	1.55071298	1.51843645	
5.404332	1.87275408	1.83259571	1.5935014	1.56206968	
5.414444	1.91588829	1.8675023	1.63663561	1.60570291	
5.424628	1.95999776	1.91113553	1.68074508	1.64933614	
5.434852	2.00490932	1.95476876	1.72565664	1.69296937	
5.445196	2.05096219	2.00712864	1.77170951	1.74532925	
5.455151	2.09586991	2.05076187	1.81661723	1.78896248	
5.465252	2.14204809	2.0943951	1.86279541	1.83259571	
5.475458	2.18937206	2.14675498	1.91011938	1.88495559	
5.485593	2.23696259	2.19038821	1.95770991	1.92858882	
5.495773	2.2853586	2.24274809	2.00610592	1.9809487	
5.5059	2.33413528	2.29510797	2.0548826	2.03330858	
5.516004	2.38342283	2.34746784	2.10417015	2.07694181	
5.526206	2.43382605	2.39982772	2.15457337	2.12930169	
5.536423	2.48492542	2.4521876	2.20567274	2.18166156	
5.546536	2.5360794	2.50454748	2.25682672	2.23402144	
5.556702	2.58816439	2.55690735	2.30891171	2.28638132	
5.566861	2.6408171	2.60926723	2.36156442	2.3387412	
5.576985	2.69390231	2.67035376	2.41464963	2.39110108	
5.587177	2.74795863	2.72271363	2.46870595	2.44346095	
5.597305	2.80230508	2.77507351	2.5230524	2.49582083	
5.607517	2.85771408	2.83616003	2.5784614	2.54818071	
5.618342	2.91723402	2.88851991	2.63798134	2.60054059	
5.62772	2.96919101	2.94960644	2.68993833	2.65290046	
5.637984	3.02680522	3.00196631	2.74755254	2.71398699	
5.648041	3.0838019	3.06305284	2.80454922	2.76634686	
5.658262	3.14238304	3.12413936	2.86313036	2.82743339	
5.668544	3.20228552	3.17649924	2.92303284	2.88851991	
5.678502	3.26023735	3.24631241	2.98098467	2.94960644	
5.68875	3.32084284	3.29867229	3.04159016	3.01069296	
5.698839	3.38110158	3.36848546	3.1018489	3.07177948	
5.708979	3.44233827	3.42957198	3.16308559	3.13286601	
5.719141	3.50425449	3.4906585	3.22500181	3.19395253	
5.729227	3.56639593	3.54301838	3.28714325	3.2637657	
5.739508	3.63031592	3.61283155	3.35106324	3.32485223	
5.7496	3.69367825	3.67391808	3.41442557	3.38593875	
5.760036	3.75989044	3.7350046	3.48063775	3.44702527	
5.770246	3.82526208	3.79609112	3.5460094	3.51683844	
5.780495	3.8915279	3.85717765	3.61227522	3.57792497	
5.790439	3.95637316	3.91826417	3.67712048	3.64773814	
5.800569	4.02307272	3.97935069	3.74382004	3.71755131	
5.810707	4.09045522	4.04916386	3.81120254	3.77863783	
5.820857	4.15851571	4.11025039	3.87926303	3.83972435	
5.830999	4.22719408	4.18006356	3.9479414	3.90953752	
5.841283	4.29743162	4.24115008	4.01817894	3.97935069	
5.851337	4.36666297	4.31096325	4.08741029	4.04916386	
5.861471	4.43711278	4.38077642	4.1578601	4.11897703	
5.871654	4.50851285	4.45058959	4.22926017	4.1887902	
5.881984	4.58158844	4.52912941	4.30233576	4.25860337	
5.891945	4.65263077	4.59894258	4.37337809	4.32841654	
5.90208	4.72555025	4.66875575	4.44629757	4.40695636	
5.912204	4.79898332	4.74729557	4.51973064	4.47676953	
5.922307	4.87289039	4.81710874	4.59363771	4.55530935	
5.932489	4.94801476	4.89564855	4.66876208	4.62512252	
5.942761	5.02444668	4.97418837	4.745194	4.69493569	
5.960756	5.16064903	5.10508806	4.88139635	4.83456203	
5.965233	5.19445469	5.13999465	4.91520201	4.86074197	
5.975454	5.27250334	5.21853446	4.99325066	4.93928178	
5.985561	5.35026798	5.29707428	5.0710153	5.0178216	
5.995698	5.42704786	5.3756141	5.14779518	5.09636142	
6.005861	5.50345024	5.45415391	5.22419756	5.16617459	
6.016006	5.57907936	5.53269373	5.29982668	5.25344105	
6.026105	5.65380049	5.61996019	5.37454781	5.34070751	
6.036843	5.73262039	5.70722665	5.45336771	5.41052068	
6.04652	5.80302628	5.78576647	5.5237736	5.49778714	
6.056661	5.87623925	5.87303293	5.59698657	5.57632696	
6.066762	5.94853342	5.95157275	5.66928074	5.65486678	
6.076956	6.02094069	6.03883921	5.74168801	5.74213324	
6.087113	6.09246977	6.11737903	5.81321709	5.82067306	
6.097251	6.16322419	6.19591884	5.88397151	5.89921287	
6.107392	6.23344768	6.27445866	5.954195	5.98647933	
6.117531	6.30305725	6.35299848	6.02380457	6.06501915	
6.127689	6.37216751	6.43153829	6.09291483	6.14355897	
6.138286	6.44366315	6.51007811	6.16441047	6.22209878	
6.148108	6.50930678	6.57989128	6.2300541	6.3006386	
6.158176	6.57603678	6.6584311	6.2967841	6.37045177	
6.168347	6.64283003	6.72824427	6.36357734	6.44899159	
6.178475	6.70875064	6.78933079	6.42949796	6.5275314	
6.198444	6.83582648	6.92895713	6.5565738	6.6584311	
6.203036	6.86512506	6.95513707	6.58587238	6.69333768	
6.21318	6.92910413	7.01622359	6.64985145	6.75442421	
6.223349	6.99261311	7.07731012	6.71336043	6.81551073	
6.233472	7.05525801	7.13839664	6.77600533	6.87659725	
6.243959	7.11954028	7.19948316	6.8402876	6.93768378	
6.254128	7.1812214	7.25184304	6.90196872	6.9987703	
6.264229	7.24190451	7.31292957	6.96265183	7.05113018	
6.274376	7.30229325	7.36528944	7.02304057	7.1122167	
6.284522	7.36207697	7.41764932	7.08282429	7.16457658	
6.294713	7.42149718	7.4700092	7.1422445	7.21693646	
6.312769	7.52449274	7.55727566	7.24524006	7.30420292	
6.317256	7.5501406	7.5834556	7.27088792	7.33038286	
6.327452	7.60766098	7.63581548	7.3284083	7.38274274	
6.337518	7.6638741	7.68817536	7.38462142	7.43510261	
6.348041	7.72200854	7.74053523	7.44275586	7.48746249	
6.357879	7.7757534	7.78416846	7.49650072	7.53109572	
6.368066	7.83080954	7.83652834	7.55155686	7.57472895	
6.378195	7.88496384	7.88888822	7.60571116	7.61836218	
6.388307	7.93844489	7.9412481	7.65919221	7.67072206	
6.399005	7.99432723	7.98488133	7.71507455	7.71435529	
6.40916	8.04681106	8.03724121	7.76755838	7.76671517	
6.419302	8.09862641	8.08960108	7.81937373	7.81907505	
6.429433	8.14978088	8.13323431	7.8705282	7.86270828	
6.439625	8.20066422	8.18559419	7.92141154	7.91506816	
6.449845	8.25106148	8.23795407	7.9718088	7.95870139	
6.459957	8.30031316	8.29031395	8.02106048	8.01106127	
6.470148	8.34937505	8.34267382	8.07012237	8.06342114	
6.480176	8.39705614	8.3950337	8.11780346	8.11578102	
6.490484	8.44548754	8.44739358	8.16623486	8.1681409	
6.500481	8.49183867	8.49975346	8.21258599	8.22050078	
6.510626	8.53829983	8.55211333	8.25904715	8.27286065	
6.520803	8.58430783	8.60447321	8.30505515	8.32522053	
6.530896	8.62934979	8.65683309	8.35009711	8.36885376	
6.541427	8.67570529	8.70046632	8.39645261	8.42121364	
6.551678	8.72023821	8.7528262	8.44098553	8.46484687	
6.561391	8.76185452	8.79645943	8.48260184	8.51720675	
6.571484	8.80451858	8.84881931	8.5252659	8.56083998	
6.581626	8.84683208	8.89245254	8.5675794	8.61319986	
6.591996	8.88943645	8.94481242	8.61018377	8.65683309	
6.601983	8.92991126	8.98844565	8.65065858	8.70919297	
6.612086	8.9702647	9.03207888	8.69101202	8.7528262	
6.622288	9.01041506	9.07571211	8.73116238	8.79645943	
6.6324	9.04961753	9.1106187	8.77036485	8.83136602	
6.651125	9.11975783	9.18915851	8.84050514	8.90117919	
6.655698	9.13692586	9.2066118	8.85767318	8.91863248	
6.66581	9.17418259	9.24151839	8.89492991	8.95353906	
6.675979	9.21107192	9.27642497	8.93181924	8.99717229	
6.686126	9.24727003	9.31133156	8.96801735	9.03207888	
6.696289	9.28294299	9.34623814	9.00369031	9.06698546	
6.706462	9.31807099	9.38114473	9.03881831	9.10189205	
6.716595	9.35245022	9.41605131	9.07319754	9.12807199	
6.726755	9.38633286	9.44223125	9.10708018	9.16297857	
6.737131	9.4203265	9.47713784	9.14107382	9.18915851	
6.748698	9.45743205	9.51204442	9.17817937	9.21533845	
6.757468	9.48516981	9.53822436	9.20591712	9.25024504	
6.769027	9.52088582	9.5644043	9.24163314	9.27642497	
6.777753	9.54746656	9.59058424	9.26821388	9.30260491	
6.787857	9.57764684	9.61676418	9.29839416	9.32005821	
6.798094	9.60763739	9.64294412	9.32838471	9.35496479	
6.808226	9.63671331	9.66912406	9.35746063	9.38114473	
6.818344	9.66517554	9.69530399	9.38592286	9.40732467	
6.828464	9.69305317	9.72148393	9.41380049	9.43350461	
6.8388	9.72155434	9.74766387	9.44230166	9.45968455	
6.850228	9.75098443	9.76511716	9.47173175	9.48586448	
6.858988	9.77362639	9.7912971	9.49437371	9.51204442	
6.869116	9.79919147	9.8087504	9.51993878	9.52949772	
6.879263	9.82422183	9.83493033	9.54496915	9.55567765	
6.889362	9.84858005	9.86111027	9.56932737	9.58185759	
6.899551	9.87254097	9.87856357	9.59328829	9.59931089	
6.90975	9.89596354	9.89601686	9.61671086	9.62549082	
6.919884	9.91863398	9.9221968	9.6393813	9.64294412	
6.929956	9.94061017	9.93965009	9.66135749	9.66912406	
6.943493	9.96901129	9.96583003	9.68975861	9.68657735	
6.954348	9.99118615	9.98328332	9.71193347	9.71275729	
6.964361	10.0111078	10.0094633	9.73185515	9.73021058	
6.974518	10.0307264	10.0269166	9.75147375	9.74766387	
6.991768	10.0620532	10.0443698	9.78280052	9.77384381	
6.996449	10.0705921	10.0705498	9.79133938	9.7912971	
7.006619	10.0884271	10.0880031	9.80917445	9.8087504	
7.016848	10.1057822	10.1054564	9.82652952	9.82620369	
7.02712	10.1226411	10.1229097	9.84338841	9.84365698	
7.037344	10.13883	10.140363	9.8595773	9.86111027	
7.047679	10.1546128	10.1578162	9.87536008	9.87856357	
7.057825	10.1695471	10.1752695	9.89029442	9.89601686	
7.067982	10.1839327	10.1839962	9.90468005	9.91347015	
7.078249	10.1978987	10.2014495	9.91864602	9.93092344	
7.088439	10.2112	10.2101761	9.93194731	9.94837674	
7.098708	10.2240332	10.2276294	9.94478054	9.95710338	
7.108855	10.2361583	10.2363561	9.95690565	9.97455668	
7.119286	10.2480348	10.2450827	9.96878215	9.98328332	
7.129416	10.2590282	10.262536	9.9797755	9.99200997	
7.139554	10.2694823	10.2712626	9.99022962	10.0007366	
7.149885	10.2795729	10.2799893	10.0003203	10.0181899	
7.160123	10.2890196	10.2887159	10.0097669	10.0269166	
7.170219	10.2978045	10.2974426	10.0185518	10.0356432	
7.180455	10.3061709	10.3061692	10.0269182	10.0356432	
7.190646	10.3139677	10.3148959	10.034715	10.0443698	
7.200891	10.3212698	10.3148959	10.0420171	10.0530965	
7.2111	10.3280232	10.3236225	10.0487705	10.0530965	
7.221437	10.3343249	10.3236225	10.0550722	10.0530965	
7.231583	10.3400119	10.3323492	10.0607592	10.0530965	
7.241725	10.3451995	10.3323492	10.0659468	10.0618231	
7.254376	10.3508337	10.3323492	10.071581	10.0618231	
7.262258	10.354152	10.3323492	10.0748993	10.0618231	
7.272404	10.3579009	10.3323492	10.0786482	10.0618231	
7.282602	10.3612122	10.3323492	10.0819595	10.0618231	
7.301141	10.3654363	10.3323492	10.0861836	10.0618231	
7.305971	10.3666003	10.3323492	10.0873476	10.0618231	
7.316191	10.3685897	10.3323492	10.089337	10.0618231	
7.326704	10.3702642	10.3323492	10.0910115	10.0618231	
7.336636	10.3752458	10.3323492	10.0959931	10.0618231	
7.346827	10.3752458	10.3323492	10.0959931	10.0618231	
7.357887	10.3752458	10.3323492	10.0959931	10.0618231	
7.367872	10.3752458	10.3323492	10.0959931	10.0618231	
7.378042	10.3752458	10.3323492	10.0959931	10.0618231	
7.388253	10.3752458	10.3323492	10.0959931	10.0618231	
7.398468	10.3752458	10.3323492	10.0959931	10.0618231	
7.408725	10.3752458	10.3323492	10.0959931	10.0618231	
7.418909	10.3752458	10.3323492	10.0959931	10.0618231	
7.429167	10.3752458	10.3323492	10.0959931	10.0618231	
7.439357	10.3752458	10.3323492	10.0959931	10.0618231	
7.449564	10.3752458	10.3323492	10.0959931	10.0618231	
7.460076	10.3752458	10.3323492	10.0959931	10.0618231	
7.470162	10.3752458	10.3323492	10.0959931	10.0618231	
7.480199	10.3752458	10.3323492	10.0959931	10.0618231	
7.490434	10.3752458	10.3323492	10.0959931	10.0618231	
7.500656	10.3752458	10.3323492	10.0959931	10.0618231	
7.510908	10.3752458	10.3323492	10.0959931	10.0618231	
7.521253	10.3752458	10.3323492	10.0959931	10.0618231	
7.531399	10.3752458	10.3323492	10.0959931	10.0618231	
7.541624	10.3752458	10.3323492	10.0959931	10.0618231	
7.552003	10.3752458	10.3323492	10.0959931	10.0618231	
7.570451	10.3752458	10.3323492	10.0959931	10.0618231	
7.575244	10.3752458	10.3323492	10.0959931	10.0618231	
7.585524	10.3752458	10.3323492	10.0959931	10.0618231	
7.595731	10.3752458	10.3323492	10.0959931	10.0618231	
7.605928	10.3752458	10.3323492	10.0959931	10.0618231	
7.616143	10.3752458	10.3323492	10.0959931	10.0618231	
7.626331	10.3752458	10.3410758	10.0959931	10.0618231	
7.636535	10.3752458	10.3410758	10.0959931	10.0618231	
7.646805	10.3752458	10.3410758	10.0959931	10.0618231	
7.658515	10.3752458	10.3410758	10.0959931	10.0618231	
7.667212	10.3752458	10.3410758	10.0959931	10.0618231	
7.677429	10.3752458	10.3410758	10.0959931	10.0618231	
7.695998	10.3752458	10.3410758	10.0959931	10.0618231	
7.700814	10.3752458	10.3410758	10.0959931	10.0618231	
7.711059	10.3752458	10.3410758	10.0959931	10.0618231	
7.721425	10.3752458	10.3410758	10.0959931	10.0618231	
7.731483	10.3752458	10.3410758	10.0959931	10.0618231	
7.741823	10.3752458	10.3410758	10.0959931	10.0618231	
7.752125	10.3752458	10.3410758	10.0959931	10.0618231	
7.762102	10.3752458	10.3410758	10.0959931	10.0618231	
7.772452	10.3752458	10.3410758	10.0959931	10.0618231	
7.782605	10.3752458	10.3410758	10.0959931	10.0618231	
7.800922	10.3752458	10.3410758	10.0959931	10.0618231	
7.805792	10.3752458	10.3410758	10.0959931	10.0618231	
7.815921	10.3752458	10.3410758	10.0959931	10.0618231	
7.826123	10.3752458	10.3410758	10.0959931	10.0618231	
7.83637	10.3752458	10.3410758	10.0959931	10.0618231	
7.846626	10.3752458	10.3410758	10.0959931	10.0618231	
7.857525	10.3752458	10.3410758	10.0959931	10.0618231	
7.867015	10.3752458	10.3410758	10.0959931	10.0618231	
7.877239	10.3752458	10.3498025	10.0959931	10.0618231	
7.887467	10.3752458	10.3498025	10.0959931	10.0618231	
7.897611	10.3752458	10.3498025	10.0959931	10.0618231	
7.90788	10.3752458	10.3498025	10.0959931	10.0618231	
7.91808	10.3752458	10.3498025	10.0959931	10.0618231	
7.928327	10.3752458	10.3498025	10.0959931	10.0618231	
7.938699	10.3752458	10.3498025	10.0959931	10.0618231	
7.948958	10.3752458	10.3585291	10.0959931	10.0618231	
7.960375	10.3752458	10.3585291	10.0959931	10.0618231	
7.969362	10.3752458	10.3585291	10.0959931	10.0618231	
7.97947	10.3752458	10.3498025	10.0959931	10.0618231	
7.989711	10.3752458	10.3498025	10.0959931	10.0618231	
7.999971	10.3752458	10.3498025	10.0959931	10.0618231	
8.010444	10.3752458	10.3498025	10.0959931	10.0618231	
8.02037	10.3752458	10.3498025	10.0959931	10.0618231	
8.030586	10.3752458	10.3498025	10.0959931	10.0618231	
8.040801	10.3752458	10.3498025	10.0959931	10.0618231	
8.051006	10.3752458	10.3498025	10.0959931	10.0618231	
8.062108	10.3752458	10.3498025	10.0959931	10.0618231	
8.071463	10.3752458	10.3498025	10.0959931	10.0618231	
8.081711	10.3752458	10.3498025	10.0959931	10.0618231	
8.091864	10.3752458	10.3498025	10.0959931	10.0618231	
8.102144	10.3752458	10.3498025	10.0959931	10.0618231	
8.112322	10.3752458	10.3498025	10.0959931	10.0618231	
8.122529	10.3752458	10.3498025	10.0959931	10.0618231	
8.143015	10.3752458	10.3498025	10.0959931	10.0618231	
8.147846	10.3752458	10.3498025	10.0959931	10.0618231	
8.158053	10.3752458	10.3498025	10.0959931	10.0618231	
8.169067	10.3752458	10.3498025	10.0959931	10.0618231	
8.178452	10.3752458	10.3498025	10.0959931	10.0618231	
8.188766	10.3752458	10.3498025	10.0959931	10.0618231	
8.19881	10.3752458	10.3498025	10.0959931	10.0618231	
8.208847	10.3752458	10.3498025	10.0959931	10.0618231	
8.218995	10.3752458	10.3498025	10.0959931	10.0618231	
8.229119	10.3752458	10.3498025	10.0959931	10.0618231	
8.239282	10.3752458	10.3498025	10.0959931	10.0618231	
8.24943	10.3752458	10.3498025	10.0959931	10.0618231	
8.264637	10.3752458	10.3498025	10.0959931	10.0618231	
8.270069	10.3752458	10.3498025	10.0959931	10.0618231	
8.280013	10.3752458	10.3498025	10.0959931	10.0618231	
8.290023	10.3752458	10.3498025	10.0959931	10.0618231	
8.300156	10.3752458	10.3498025	10.0959931	10.0618231	
8.31047	10.3752458	10.3498025	10.0959931	10.0618231	
8.320433	10.3752458	10.3498025	10.0959931	10.0618231	
8.330559	10.3752458	10.3498025	10.0959931	10.0618231	
8.340862	10.3752458	10.3498025	10.0959931	10.0618231	
8.350891	10.3752458	10.3498025	10.0959931	10.0618231	
8.3617	10.3752458	10.3498025	10.0959931	10.0618231	
8.37148	10.3752458	10.3498025	10.0959931	10.0618231	
8.381597	10.3752458	10.3498025	10.0959931	10.0618231	
8.39173	10.3752458	10.3498025	10.0959931	10.0618231	
8.401788	10.3752458	10.3498025	10.0959931	10.0618231	
8.411993	10.3752458	10.3498025	10.0959931	10.0618231	
8.422084	10.3752458	10.3498025	10.0959931	10.0618231	
8.43224	10.3752458	10.3498025	10.0959931	10.0618231	
8.442388	10.3752458	10.3498025	10.0959931	10.0618231	
8.452576	10.3752458	10.3498025	10.0959931	10.0618231	
8.463093	10.3752458	10.3498025	10.0959931	10.0618231	
8.473271	10.3752458	10.3498025	10.0959931	10.0618231	
8.483092	10.3752458	10.3498025	10.0959931	10.0618231	
8.493272	10.3752458	10.3498025	10.0959931	10.0618231	
8.503392	10.3752458	10.3498025	10.0959931	10.0618231	
8.513893	10.3752458	10.3498025	10.0959931	10.0618231	
8.52389	10.3752458	10.3498025	10.0959931	10.0618231	
8.534025	10.3752458	10.3498025	10.0959931	10.0618231	
8.544195	10.3752458	10.3498025	10.0959931	10.0618231	
8.5543	10.3752458	10.3498025	10.0959931	10.0618231	
8.564485	10.3752458	10.3498025	10.0959931	10.0618231	
8.574692	10.3752458	10.3498025	10.0959931	10.0618231	
8.584839	10.3752458	10.3498025	10.0959931	10.0618231	
8.594962	10.3752458	10.3498025	10.0959931	10.0618231	
8.605145	10.3752458	10.3498025	10.0959931	10.0618231	
8.615268	10.3752458	10.3498025	10.0959931	10.0618231	
8.625461	10.3752458	10.3498025	10.0959931	10.0618231	
8.635575	10.3752458	10.3498025	10.0959931	10.0618231	
8.645707	10.3752458	10.3498025	10.0959931	10.0618231	
8.655872	10.3752458	10.3498025	10.0959931	10.0618231	
8.665973	10.3752458	10.3498025	10.0959931	10.0618231	
8.676398	10.3752458	10.3498025	10.0959931	10.0618231	
8.68657	10.3752458	10.3498025	10.0959931	10.0618231	
8.696666	10.3752458	10.3498025	10.0959931	10.0618231	
8.706819	10.3752458	10.3498025	10.0959931	10.0618231	
8.716946	10.3752458	10.3498025	10.0959931	10.0618231	
8.727149	10.3752458	10.3498025	10.0959931	10.0618231	
8.737346	10.3752458	10.3498025	10.0959931	10.0618231	
8.747448	10.3752458	10.3498025	10.0959931	10.0705498	
8.757728	10.3752458	10.3498025	10.0959931	10.0705498	
8.767793	10.3752458	10.3498025	10.0959931	10.0705498	
8.778545	10.3752458	10.3498025	10.0959931	10.0705498	
8.796703	10.3752458	10.3498025	10.0959931	10.0705498	
8.801356	10.3752458	10.3498025	10.0959931	10.0705498	
8.811425	10.3752458	10.3498025	10.0959931	10.0705498	
8.821786	10.3752458	10.3498025	10.0959931	10.0705498	
8.831799	10.3752458	10.3498025	10.0959931	10.0705498	
8.841877	10.3752458	10.3498025	10.0959931	10.0705498	
8.852014	10.3752458	10.3498025	10.0959931	10.0705498	
8.862137	10.3752458	10.3498025	10.0959931	10.0705498	
8.87233	10.3752458	10.3498025	10.0959931	10.0705498	
8.882609	10.3752458	10.3498025	10.0959931	10.0705498	
8.892731	10.3752458	10.3498025	10.0959931	10.0705498	
8.902884	10.3752458	10.3498025	10.0959931	10.0705498	
8.913059	10.3752458	10.3498025	10.0959931	10.0705498	
8.923257	10.3752458	10.3498025	10.0959931	10.0705498	
8.933412	10.3752458	10.3498025	10.0959931	10.0705498	
8.94362	10.3752458	10.3498025	10.0959931	10.0705498	
8.953709	10.3752458	10.3498025	10.0959931	10.0705498	
8.963829	10.3752458	10.3498025	10.0959931	10.0705498	
8.97403	10.3752458	10.3498025	10.0959931	10.0705498	
8.984264	10.3752458	10.3498025	10.0959931	10.0705498	
8.994366	10.3752458	10.3498025	10.0959931	10.0705498	
9.004558	10.3752458	10.3498025	10.0959931	10.0705498	
9.014656	10.3752458	10.3498025	10.0959931	10.0705498	
9.024872	10.3752458	10.3498025	10.0959931	10.0705498	
9.03499	10.3752458	10.3498025	10.0959931	10.0705498	
9.045174	10.3752458	10.3498025	10.0959931	10.0705498	
9.055325	10.3752458	10.3498025	10.0959931	10.0705498	
9.065407	10.3752458	10.3498025	10.0959931	10.0705498	
9.075574	10.3752458	10.3498025	10.0959931	10.0705498	
9.085816	10.3752458	10.3498025	10.0959931	10.0705498	
9.096008	10.3752458	10.3498025	10.0959931	10.0705498	
9.106119	10.3752458	10.3498025	10.0959931	10.0705498	
9.116212	10.3752458	10.3498025	10.0959931	10.0705498	
9.126454	10.3752458	10.3498025	10.0959931	10.0705498	
9.136576	10.3752458	10.3498025	10.0959931	10.0705498	
9.14672	10.3752458	10.3498025	10.0959931	10.0705498	
9.156864	10.3752458	10.3498025	10.0959931	10.0705498	
9.167021	10.3752458	10.3498025	10.0959931	10.0705498	
9.1773	10.3752458	10.3498025	10.0959931	10.0705498	
9.187421	10.3752458	10.3498025	10.0959931	10.0705498	
9.197543	10.3752458	10.3498025	10.0959931	10.0705498	
9.207785	10.3752458	10.3498025	10.0959931	10.0705498	
9.217893	10.3752458	10.3498025	10.0959931	10.0705498	
9.228001	10.3752458	10.3498025	10.0959931	10.0705498	
9.23818	10.3752458	10.3498025	10.0959931	10.0705498	
9.24832	10.3752458	10.3498025	10.0959931	10.0705498	
9.258455	10.3752458	10.3498025	10.0959931	10.0705498	
9.26862	10.3752458	10.3498025	10.0959931	10.0705498	
9.278971	10.3752458	10.3498025	10.0959931	10.0705498	
9.289002	10.3752458	10.3498025	10.0959931	10.0705498	
9.299101	10.3752458	10.3498025	10.0959931	10.0705498	
9.309281	10.3752458	10.3498025	10.0959931	10.0705498	
9.319417	10.3752458	10.3498025	10.0959931	10.0705498	
9.329497	10.3752458	10.3498025	10.0959931	10.0792764	
9.339751	10.3752458	10.3498025	10.0959931	10.0880031	
9.349842	10.3752458	10.3498025	10.0959931	10.0880031	
9.360077	10.3752458	10.3498025	10.0959931	10.0967297	
9.370116	10.3752458	10.3498025	10.0959931	10.0967297	
9.380451	10.3752458	10.3498025	10.0959931	10.0967297	
9.390544	10.3752458	10.3585291	10.0959931	10.0967297	
9.400645	10.3752458	10.3585291	10.0959931	10.0967297	
9.410764	10.3752458	10.3585291	10.0959931	10.0880031	
9.420917	10.3752458	10.3498025	10.0959931	10.0880031	
9.439389	10.3752458	10.3498025	10.0959931	10.0880031	
9.443935	10.3752458	10.3498025	10.0959931	10.0880031	
9.454104	10.3752458	10.3498025	10.0959931	10.0792764	
9.464224	10.3752458	10.3498025	10.0959931	10.0792764	
9.474368	10.3752458	10.3498025	10.0959931	10.0880031	
9.484554	10.3752458	10.3498025	10.0959931	10.0880031	
9.49472	10.3752458	10.3498025	10.0959931	10.0880031	
9.504865	10.3752458	10.3498025	10.0959931	10.0880031	
9.515005	10.3752458	10.3498025	10.0959931	10.0880031	
9.525235	10.3752458	10.3498025	10.0959931	10.0880031	
9.535354	10.3752458	10.3498025	10.0959931	10.0880031	
9.545505	10.3752458	10.3498025	10.0959931	10.0880031	
9.55563	10.3752458	10.3498025	10.0959931	10.0880031	
9.565797	10.3752458	10.3498025	10.0959931	10.0880031	
9.575961	10.3752458	10.3498025	10.0959931	10.0880031	
9.586106	10.3752458	10.3498025	10.0959931	10.0880031	
9.596247	10.3752458	10.3498025	10.0959931	10.0880031	
9.606434	10.3752458	10.3498025	10.0959931	10.0880031	
9.616524	10.3752458	10.3498025	10.0959931	10.0880031	
9.626739	10.3752458	10.3498025	10.0959931	10.0880031	
9.636851	10.3752458	10.3498025	10.0959931	10.0880031	
9.646986	10.3752458	10.3498025	10.0959931	10.0880031	
9.657148	10.3752458	10.3498025	10.0959931	10.0880031	
9.667287	10.3752458	10.3498025	10.0959931	10.0880031	
9.67767	10.3752458	10.3498025	10.0959931	10.0880031	
9.687869	10.3752458	10.3498025	10.0959931	10.0880031	
9.697954	10.3752458	10.3498025	10.0959931	10.0880031	
9.708089	10.3752458	10.3498025	10.0959931	10.0880031	
9.718217	10.3752458	10.3498025	10.0959931	10.0880031	
9.728402	10.3752458	10.3498025	10.0959931	10.0880031	
9.738552	10.3752458	10.3498025	10.0959931	10.0880031	
9.748699	10.3752458	10.3498025	10.0959931	10.0880031	
9.75891	10.3752458	10.3498025	10.0959931	10.0880031	
9.769091	10.3752458	10.3498025	10.0959931	10.0880031	
9.779631	10.3752458	10.3498025	10.0959931	10.0880031	
9.78947	10.3752458	10.3498025	10.0959931	10.0880031	
9.799657	10.3752458	10.3498025	10.0959931	10.0880031	
9.809786	10.3752458	10.3498025	10.0959931	10.0880031	
9.819956	10.3752458	10.3498025	10.0959931	10.0880031	
9.830091	10.3752458	10.3498025	10.0959931	10.0880031	
9.840266	10.3752458	10.3498025	10.0959931	10.0880031	
9.850386	10.3752458	10.3498025	10.0959931	10.0880031	
9.860513	10.3752458	10.3498025	10.0959931	10.0880031	
9.870707	10.3752458	10.3498025	10.0959931	10.0880031	
9.880832	10.3752458	10.3498025	10.0959931	10.0880031	
9.890962	10.3752458	10.3498025	10.0959931	10.0880031	
9.909006	10.3752458	10.3498025	10.0959931	10.0880031	
9.913603	10.3752458	10.3498025	10.0959931	10.0880031	
9.92381	10.3752458	10.3498025	10.0959931	10.0880031	
9.933949	10.3752458	10.3498025	10.0959931	10.0880031	
9.944199	10.3752458	10.3498025	10.0959931	10.0880031	
9.954275	10.3752458	10.3498025	10.0959931	10.0880031	
9.964427	10.3752458	10.3498025	10.0959931	10.0880031	
9.97462	10.3752458	10.3498025	10.0959931	10.0880031	
9.984752	10.3752458	10.3498025	10.0959931	10.0880031	
9.994902	10.3752458	10.3498025	10.0959931	10.0880031	
10.00504	10.3752458	10.3498025	10.0959931	10.0880031	
10.01522	10.3752458	10.3498025	10.0959931	10.0880031	
10.02545	10.3752458	10.3498025	10.0959931	10.0880031	
10.03556	10.3752458	10.3498025	10.0959931	10.0880031	
10.04574	10.3752458	10.3498025	10.0959931	10.0880031	
10.05595	10.3752458	10.3498025	10.0959931	10.0880031	
10.06599	10.3752458	10.3498025	10.0959931	10.0880031	
10.07614	10.3752458	10.3498025	10.0959931	10.0880031	
10.08638	10.3752458	10.3498025	10.0959931	10.0880031	
10.09649	10.3752458	10.3498025	10.0959931	10.0880031	
10.10662	10.3752458	10.3498025	10.0959931	10.0880031	
10.11676	10.3752458	10.3498025	10.0959931	10.0880031	
10.12694	10.3752458	10.3498025	10.0959931	10.0880031	
10.13709	10.3752458	10.3498025	10.0959931	10.0880031	
10.14726	10.3752458	10.3498025	10.0959931	10.0880031	
10.15736	10.3752458	10.3498025	10.0959931	10.0880031	
10.1771	10.3752458	10.3498025	10.0959931	10.0880031	
10.18166	10.3752458	10.3498025	10.0959931	10.0880031	
10.19189	10.3752458	10.3498025	10.0959931	10.0880031	
10.20197	10.3752458	10.3498025	10.0959931	10.0880031	
10.2121	10.3752458	10.3498025	10.0959931	10.0880031	
10.22224	10.3752458	10.3498025	10.0959931	10.0880031	
10.23241	10.3752458	10.3585291	10.0959931	10.0880031	
10.25049	10.3752458	10.3585291	10.0959931	10.0880031	
10.25504	10.3752458	10.3498025	10.0959931	10.0880031	
10.26523	10.3752458	10.3498025	10.0959931	10.0880031	
10.27533	10.3752458	10.3498025	10.0959931	10.0880031	
10.28549	10.3752458	10.3498025	10.0959931	10.0880031	
10.29566	10.3752458	10.3498025	10.0959931	10.0880031	
10.30579	10.3752458	10.3498025	10.0959931	10.0880031	
10.31594	10.3752458	10.3498025	10.0959931	10.0880031	
10.32606	10.3752458	10.3498025	10.0959931	10.0880031	
10.33625	10.3752458	10.3498025	10.0959931	10.0880031	
10.34639	10.3752458	10.3498025	10.0959931	10.0880031	
10.35655	10.3752458	10.3498025	10.0959931	10.0880031	
10.36676	10.3752458	10.3498025	10.0959931	10.0880031	
10.37688	10.3752458	10.3498025	10.0959931	10.0880031	
10.38701	10.3752458	10.3498025	10.0959931	10.0880031	
10.39712	10.3752458	10.3498025	10.0959931	10.0880031	
10.40733	10.3752458	10.3498025	10.0959931	10.0880031	
10.41749	10.3752458	10.3498025	10.0959931	10.0880031	
10.4276	10.3752458	10.3498025	10.0959931	10.0880031	
10.43775	10.3752458	10.3498025	10.0959931	10.0880031	
10.44796	10.3752458	10.3498025	10.0959931	10.0880031	
10.4581	10.3752458	10.3498025	10.0959931	10.0880031	
10.46819	10.3752458	10.3498025	10.0959931	10.0880031	
10.47839	10.3752458	10.3498025	10.0959931	10.0880031	
10.48852	10.3752458	10.3498025	10.0959931	10.0880031	
10.49866	10.3752458	10.3498025	10.0959931	10.0880031	
10.50881	10.3752458	10.3498025	10.0959931	10.0880031	
10.51897	10.3752458	10.3498025	10.0959931	10.0880031	
10.52911	10.3752458	10.3498025	10.0959931	10.0880031	
10.53926	10.3752458	10.3498025	10.0959931	10.0880031	
10.54942	10.3752458	10.3498025	10.0959931	10.0880031	
10.5595	10.3752458	10.3498025	10.0959931	10.0880031	
10.56977	10.3752458	10.3498025	10.0959931	10.0880031	
10.57983	10.3752458	10.3498025	10.0959931	10.0880031	
10.59	10.3752458	10.3498025	10.0959931	10.0880031	
10.60016	10.3752458	10.3498025	10.0959931	10.0880031	
10.61027	10.3752458	10.3498025	10.0959931	10.0880031	
10.62042	10.3752458	10.3498025	10.0959931	10.0880031	
10.63065	10.3752458	10.3498025	10.0959931	10.0880031	
10.64073	10.3752458	10.3498025	10.0959931	10.0880031	
10.65085	10.3752458	10.3498025	10.0959931	10.0880031	
10.661	10.3752458	10.3498025	10.0959931	10.0880031	
10.67128	10.3752458	10.3498025	10.0959931	10.0880031	
10.68146	10.3752458	10.3498025	10.0959931	10.0880031	
10.69155	10.3752458	10.3498025	10.0959931	10.0880031	
10.70169	10.3752458	10.3498025	10.0959931	10.0880031	
10.71192	10.3752458	10.3498025	10.0959931	10.0880031	
10.72199	10.3752458	10.3498025	10.0959931	10.0880031	
10.73214	10.3752458	10.3498025	10.0959931	10.0880031	
10.74232	10.3752458	10.3498025	10.0959931	10.0880031	
10.75243	10.3752458	10.3498025	10.0959931	10.0880031	
10.77052	10.3752458	10.3498025	10.0959931	10.0880031	
10.77531	10.3752458	10.3498025	10.0959931	10.0880031	
10.78554	10.3752458	10.3498025	10.0959931	10.0880031	
10.79563	10.3752458	10.3498025	10.0959931	10.0880031	
10.80578	10.3752458	10.3498025	10.0959931	10.0880031	
10.81601	10.3752458	10.3498025	10.0959931	10.0880031	
10.82606	10.3752458	10.3498025	10.0959931	10.0880031	
10.83624	10.3752458	10.3498025	10.0959931	10.0880031	
10.84645	10.3752458	10.3498025	10.0959931	10.0880031	
10.85656	10.3752458	10.3498025	10.0959931	10.0880031	
10.8667	10.3752458	10.3498025	10.0959931	10.0880031	
10.8769	10.3752458	10.3498025	10.0959931	10.0880031	
10.88703	10.3752458	10.3498025	10.0959931	10.0880031	
10.89718	10.3752458	10.3498025	10.0959931	10.0880031	
10.90733	10.3752458	10.3498025	10.0959931	10.0880031	
10.91746	10.3752458	10.3498025	10.0959931	10.0880031	
10.92765	10.3752458	10.3498025	10.0959931	10.0880031	
10.93777	10.3752458	10.3498025	10.0959931	10.0880031	
10.94795	10.3752458	10.3498025	10.0959931	10.0880031	
10.95809	10.3752458	10.3498025	10.0959931	10.0880031	
10.96826	10.3752458	10.3498025	10.0959931	10.0880031	
10.9787	10.3752458	10.3498025	10.0959931	10.0880031	
10.98886	10.3752458	10.3498025	10.0959931	10.0880031	
10.999	10.3752458	10.3498025	10.0959931	10.0880031	
11.00915	10.3752458	10.3498025	10.0959931	10.0880031	
11.01929	10.3752458	10.3498025	10.0959931	10.0880031	
11.02945	10.3752458	10.3498025	10.0959931	10.0880031	
11.03957	10.3752458	10.3498025	10.0959931	10.0880031	
11.04986	10.3752458	10.3585291	10.0959931	10.0880031	
11.05987	10.3752458	10.3585291	10.0959931	10.0880031	
11.06999	10.3752458	10.3498025	10.0959931	10.0880031	
11.08018	10.3752458	10.3498025	10.0959931	10.0880031	
11.09031	10.3752458	10.3498025	10.0959931	10.0880031	
11.10044	10.3752458	10.3498025	10.0959931	10.0880031	
11.11061	10.3752458	10.3498025	10.0959931	10.0880031	
11.12073	10.3752458	10.3498025	10.0959931	10.0880031	
11.13087	10.3752458	10.3498025	10.0959931	10.0880031	
11.14107	10.3752458	10.3498025	10.0959931	10.0880031	
11.15123	10.3752458	10.3498025	10.0959931	10.0880031	
11.16144	10.3752458	10.3498025	10.0959931	10.0880031	
11.17146	10.3752458	10.3498025	10.0959931	10.0880031	
11.18163	10.3752458	10.3498025	10.0959931	10.0880031	
11.19185	10.3752458	10.3498025	10.0959931	10.0880031	
11.20193	10.3752458	10.3498025	10.0959931	10.0880031	
11.21206	10.3752458	10.3498025	10.0959931	10.0880031	
11.22218	10.3752458	10.3498025	10.0959931	10.0880031	
11.23237	10.3752458	10.3498025	10.0959931	10.0880031	
11.24255	10.3752458	10.3498025	10.0959931	10.0880031	
11.25271	10.3752458	10.3498025	10.0959931	10.0880031	
11.26284	10.3752458	10.3498025	10.0959931	10.0880031	
11.27293	10.3752458	10.3498025	10.0959931	10.0880031	
11.28323	10.3752458	10.3498025	10.0959931	10.0880031	
11.29341	10.3752458	10.3498025	10.0959931	10.0880031	
11.30355	10.3752458	10.3498025	10.0959931	10.0880031	
11.3137	10.3752458	10.3498025	10.0959931	10.0880031	
11.32383	10.3752458	10.3498025	10.0959931	10.0880031	
11.33399	10.3752458	10.3498025	10.0959931	10.0880031	
11.34421	10.3752458	10.3498025	10.0959931	10.0880031	
11.35429	10.3752458	10.3498025	10.0959931	10.0880031	
11.36448	10.3752458	10.3498025	10.0959931	10.0880031	
11.37467	10.3752458	10.3498025	10.0959931	10.0880031	
11.38479	10.3752458	10.3498025	10.0959931	10.0880031	
11.39495	10.3752458	10.3498025	10.0959931	10.0880031	
11.40513	10.3752458	10.3498025	10.0959931	10.0880031	
11.41528	10.3752458	10.3498025	10.0959931	10.0880031	
11.42552	10.3752458	10.3498025	10.0959931	10.0880031	
11.43563	10.3752458	10.3498025	10.0959931	10.0880031	
11.44578	10.3752458	10.3498025	10.0959931	10.0880031	
11.45602	10.3752458	10.3498025	10.0959931	10.0880031	
11.46605	10.3752458	10.3498025	10.0959931	10.0880031	
11.47625	10.3752458	10.3498025	10.0959931	10.0880031	
11.48641	10.3752458	10.3498025	10.0959931	10.0880031	
11.49659	10.3752458	10.3498025	10.0959931	10.0880031	
11.50676	10.3752458	10.3498025	10.0959931	10.0880031	
11.51688	10.3752458	10.3498025	10.0959931	10.0880031	
11.52706	10.3752458	10.3498025	10.0959931	10.0880031	
11.53722	10.3752458	10.3498025	10.0959931	10.0880031	
11.54737	10.3752458	10.3498025	10.0959931	10.0880031	
11.55753	10.3752458	10.3498025	10.0959931	10.0880031	
11.56768	10.3752458	10.3498025	10.0959931	10.0880031	
11.57777	10.3752458	10.3498025	10.0959931	10.0880031	
11.58796	10.3752458	10.3498025	10.0959931	10.0880031	
11.59811	10.3752458	10.3498025	10.0959931	10.0880031	
11.60828	10.3752458	10.3498025	10.0959931	10.0880031	
11.6184	10.3752458	10.3498025	10.0959931	10.0880031	
11.62923	10.3752458	10.3498025	10.0959931	10.0880031	
11.63935	10.3752458	10.3498025	10.0959931	10.0880031	
11.64955	10.3752458	10.3498025	10.0959931	10.0880031	
11.65966	10.3752458	10.3498025	10.0959931	10.0880031	
11.66986	10.3752458	10.3498025	10.0959931	10.0880031	
11.68024	10.3752458	10.3498025	10.0959931	10.0880031	
11.69032	10.3752458	10.3498025	10.0959931	10.0880031	
11.70046	10.3752458	10.3498025	10.0959931	10.0880031	
11.71064	10.3752458	10.3498025	10.0959931	10.0880031	
11.72079	10.3752458	10.3498025	10.0959931	10.0880031	
11.7309	10.3752458	10.3498025	10.0959931	10.0880031	
11.74128	10.3752458	10.3498025	10.0959931	10.0880031	
11.75135	10.3752458	10.3498025	10.0959931	10.0880031	
11.76196	10.3752458	10.3498025	10.0959931	10.0880031	
11.77183	10.3752458	10.3498025	10.0959931	10.0880031	
11.78337	10.3752458	10.3498025	10.0959931	10.0880031	
11.79216	10.3752458	10.3498025	10.0959931	10.0880031	
11.80225	10.3752458	10.3498025	10.0959931	10.0880031	
11.81245	10.3752458	10.3498025	10.0959931	10.0880031	
11.82266	10.3752458	10.3498025	10.0959931	10.0880031	
11.83278	10.3752458	10.3498025	10.0959931	10.0880031	
11.84293	10.3752458	10.3498025	10.0959931	10.0880031	
11.8531	10.3752458	10.3498025	10.0959931	10.0880031	
11.86325	10.3752458	10.3585291	10.0959931	10.0880031	
11.88131	10.3752458	10.3585291	10.0959931	10.0880031	
11.88583	10.3752458	10.3498025	10.0959931	10.0880031	
11.89607	10.3752458	10.3498025	10.0959931	10.0880031	
11.90615	10.3752458	10.3498025	10.0959931	10.0880031	
11.91629	10.3752458	10.3498025	10.0959931	10.0880031	
11.92648	10.3752458	10.3498025	10.0959931	10.0880031	
11.93662	10.3752458	10.3498025	10.0959931	10.0880031	
11.94677	10.3752458	10.3498025	10.0959931	10.0880031	
11.95692	10.3752458	10.3498025	10.0959931	10.0880031	
11.96707	10.3752458	10.3498025	10.0959931	10.0880031	
11.97724	10.3752458	10.3498025	10.0959931	10.0880031	
11.98738	10.3752458	10.3498025	10.0959931	10.0880031	
11.99755	10.3752458	10.3498025	10.0959931	10.0880031	
12.00769	10.3752458	10.3498025	10.0959931	10.0880031	
12.01783	10.3752458	10.3498025	10.0959931	10.0880031	
12.028	10.3752458	10.3498025	10.0959931	10.0880031	
12.03817	10.3752458	10.3498025	10.0959931	10.0880031	
12.04831	10.3752458	10.3498025	10.0959931	10.0880031	
12.05843	10.3752458	10.3498025	10.0959931	10.0880031	
12.06853	10.3752458	10.3498025	10.0959931	10.0880031	
12.07871	10.3752458	10.3498025	10.0959931	10.0880031	
12.08887	10.3752458	10.3498025	10.0959931	10.0880031	
12.09901	10.3752458	10.3498025	10.0959931	10.0880031	
12.10916	10.3752458	10.3498025	10.0959931	10.0880031	
12.11934	10.3752458	10.3498025	10.0959931	10.0880031	
12.12957	10.3752458	10.3498025	10.0959931	10.0880031	
12.13964	10.3752458	10.3498025	10.0959931	10.0880031	
12.1498	10.3752458	10.3498025	10.0959931	10.0880031	
12.1614	10.3752458	10.3498025	10.0959931	10.0880031	
12.17011	10.3752458	10.3498025	10.0959931	10.0880031	
12.18043	10.3752458	10.3498025	10.0959931	10.0880031	
12.19058	10.3752458	10.3498025	10.0959931	10.0880031	
12.20071	10.3752458	10.3498025	10.0959931	10.0880031	
12.21084	10.3752458	10.3498025	10.0959931	10.0880031	
12.221	10.3752458	10.3498025	10.0959931	10.0880031	
12.23121	10.3752458	10.3498025	10.0959931	10.0880031	
12.24135	10.3752458	10.3498025	10.0959931	10.0880031	
12.25147	10.3752458	10.3498025	10.0959931	10.0880031	
12.26162	10.3752458	10.3498025	10.0959931	10.0880031	
12.27177	10.3752458	10.3498025	10.0959931	10.0880031	
12.2819	10.3752458	10.3498025	10.0959931	10.0880031	
12.29204	10.3752458	10.3498025	10.0959931	10.0880031	
12.30215	10.3752458	10.3498025	10.0959931	10.0880031	
12.31236	10.3752458	10.3498025	10.0959931	10.0880031	
12.32245	10.3752458	10.3498025	10.0959931	10.0880031	
12.34066	10.3752458	10.3498025	10.0959931	10.0880031	
12.34523	10.3752458	10.3498025	10.0959931	10.0880031	
12.35535	10.3752458	10.3498025	10.0959931	10.0880031	
12.36559	10.3752458	10.3498025	10.0959931	10.0880031	
12.37567	10.3752458	10.3498025	10.0959931	10.0880031	
12.38585	10.3752458	10.3498025	10.0959931	10.0880031	
12.396	10.3752458	10.3498025	10.0959931	10.0880031	
12.40614	10.3752458	10.3498025	10.0959931	10.0880031	
12.41635	10.3752458	10.3498025	10.0959931	10.0880031	
12.42641	10.3752458	10.3498025	10.0959931	10.0880031	
12.43662	10.3752458	10.3498025	10.0959931	10.0880031	
12.44684	10.3752458	10.3498025	10.0959931	10.0880031	
12.45694	10.3752458	10.3498025	10.0959931	10.0880031	
12.46704	10.3752458	10.3498025	10.0959931	10.0880031	
12.47723	10.3752458	10.3498025	10.0959931	10.0880031	
12.48736	10.3752458	10.3498025	10.0959931	10.0880031	
12.49763	10.3752458	10.3498025	10.0959931	10.0880031	
12.50772	10.3752458	10.3498025	10.0959931	10.0880031	
12.51787	10.3752458	10.3498025	10.0959931	10.0880031	
12.52811	10.3752458	10.3498025	10.0959931	10.0880031	
12.53815	10.3752458	10.3498025	10.0959931	10.0880031	
12.54837	10.3752458	10.3498025	10.0959931	10.0880031	
12.55846	10.3752458	10.3498025	10.0959931	10.0880031	
12.56865	10.3752458	10.3498025	10.0959931	10.0880031	
12.57873	10.3752458	10.3498025	10.0959931	10.0880031	
12.58934	10.3752458	10.3498025	10.0959931	10.0880031	
12.59947	10.3752458	10.3498025	10.0959931	10.0880031	
12.60973	10.3752458	10.3498025	10.0959931	10.0880031	
12.6198	10.3752458	10.3498025	10.0959931	10.0880031	
12.63067	10.3752458	10.3498025	10.0959931	10.0880031	
12.64073	10.3752458	10.3498025	10.0959931	10.0880031	
12.65097	10.3752458	10.3498025	10.0959931	10.0880031	
12.6611	10.3752458	10.3498025	10.0959931	10.0880031	
12.67124	10.3752458	10.3585291	10.0959931	10.0880031	
12.68137	10.3752458	10.3585291	10.0959931	10.0880031	
12.69147	10.3752458	10.3498025	10.0959931	10.0880031	
12.70164	10.3752458	10.3498025	10.0959931	10.0880031	
12.71178	10.3752458	10.3498025	10.0959931	10.0880031	
12.72191	10.3752458	10.3498025	10.0959931	10.0880031	
12.73206	10.3752458	10.3498025	10.0959931	10.0880031	
12.74219	10.3752458	10.3498025	10.0959931	10.0880031	
12.75236	10.3752458	10.3498025	10.0959931	10.0880031	
12.77052	10.3752458	10.3498025	10.0959931	10.0880031	
12.77507	10.3752458	10.3498025	10.0959931	10.0880031	
12.79457	10.3752458	10.3498025	10.0959931	10.0880031	
12.79915	10.3752458	10.3498025	10.0959931	10.0880031	
12.80929	10.3752458	10.3498025	10.0959931	10.0880031	
12.81944	10.3752458	10.3498025	10.0959931	10.0880031	
12.82956	10.3752458	10.3498025	10.0959931	10.0880031	
12.83977	10.3752458	10.3498025	10.0959931	10.0880031	
12.84987	10.3752458	10.3498025	10.0959931	10.0880031	
12.86003	10.3752458	10.3498025	10.0959931	10.0880031	
12.87016	10.3752458	10.3498025	10.0959931	10.0880031	
12.88034	10.3752458	10.3498025	10.0959931	10.0880031	
12.89045	10.3752458	10.3498025	10.0959931	10.0880031	
12.90059	10.3752458	10.3498025	10.0959931	10.0880031	
12.91077	10.3752458	10.3498025	10.0959931	10.0880031	
12.9209	10.3752458	10.3498025	10.0959931	10.0880031	
12.93109	10.3752458	10.3498025	10.0959931	10.0880031	
12.94123	10.3752458	10.3498025	10.0959931	10.0880031	
12.95137	10.3752458	10.3498025	10.0959931	10.0880031	
12.96158	10.3752458	10.3498025	10.0959931	10.0880031	
12.97166	10.3752458	10.3498025	10.0959931	10.0880031	
12.98179	10.3752458	10.3498025	10.0959931	10.0880031	
12.992	10.3752458	10.3498025	10.0959931	10.0880031	
13.0022	10.3752458	10.3498025	10.0959931	10.0880031	
13.01225	10.3752458	10.3498025	10.0959931	10.0880031	
13.0224	10.3752458	10.3498025	10.0959931	10.0880031	
13.03259	10.3752458	10.3498025	10.0959931	10.0880031	
13.04316	10.3752458	10.3498025	10.0959931	10.0880031	
13.05319	10.3752458	10.3498025	10.0959931	10.0880031	
13.06336	10.3752458	10.3498025	10.0959931	10.0880031	
13.07359	10.3752458	10.3498025	10.0959931	10.0880031	
13.08369	10.3752458	10.3498025	10.0959931	10.0880031	
13.09385	10.3752458	10.3498025	10.0959931	10.0880031	
13.10405	10.3752458	10.3498025	10.0959931	10.0880031	
13.11416	10.3752458	10.3498025	10.0959931	10.0880031	
13.12431	10.3752458	10.3498025	10.0959931	10.0880031	
13.13447	10.3752458	10.3498025	10.0959931	10.0880031	
13.14665	10.3752458	10.3498025	10.0959931	10.0880031	
13.15474	10.3752458	10.3498025	10.0959931	10.0880031	
13.16488	10.3752458	10.3498025	10.0959931	10.0880031	
13.17504	10.3752458	10.3498025	10.0959931	10.0880031	
13.18517	10.3752458	10.3498025	10.0959931	10.0880031	
13.19534	10.3752458	10.3498025	10.0959931	10.0880031	
13.20549	10.3752458	10.3498025	10.0959931	10.0880031	
13.21567	10.3752458	10.3498025	10.0959931	10.0880031	
13.22582	10.3752458	10.3498025	10.0959931	10.0880031	
13.23598	10.3752458	10.3498025	10.0959931	10.0880031	
13.24614	10.3752458	10.3498025	10.0959931	10.0880031	
13.25632	10.3752458	10.3498025	10.0959931	10.0880031	
13.26645	10.3752458	10.3498025	10.0959931	10.0880031	
13.27659	10.3752458	10.3498025	10.0959931	10.0880031	
13.28683	10.3752458	10.3498025	10.0959931	10.0880031	
13.29694	10.3752458	10.3498025	10.0959931	10.0880031	
13.30708	10.3752458	10.3498025	10.0959931	10.0880031	
13.31724	10.3752458	10.3498025	10.0959931	10.0880031	
13.32736	10.3752458	10.3498025	10.0959931	10.0880031	
13.33761	10.3752458	10.3498025	10.0959931	10.0880031	
13.34766	10.3752458	10.3498025	10.0959931	10.0880031	
13.35821	10.3752458	10.3498025	10.0959931	10.0880031	
13.36835	10.3752458	10.3498025	10.0959931	10.0880031	
13.37844	10.3752458	10.3498025	10.0959931	10.0880031	
13.38864	10.3752458	10.3498025	10.0959931	10.0880031	
13.39882	10.3752458	10.3498025	10.0959931	10.0880031	
13.40892	10.3752458	10.3498025	10.0959931	10.0880031	
13.41905	10.3752458	10.3498025	10.0959931	10.0880031	
13.42919	10.3752458	10.3498025	10.0959931	10.0880031	
13.43936	10.3752458	10.3498025	10.0959931	10.0880031	
13.44953	10.3752458	10.3498025	10.0959931	10.0880031	
13.45962	10.3752458	10.3498025	10.0959931	10.0880031	
13.46991	10.3752458	10.3498025	10.0959931	10.0880031	
13.47998	10.3752458	10.3585291	10.0959931	10.0880031	
13.49011	10.3752458	10.3585291	10.0959931	10.0880031	
13.50022	10.3752458	10.3498025	10.0959931	10.0880031	
13.51038	10.3752458	10.3498025	10.0959931	10.0880031	
13.52056	10.3752458	10.3498025	10.0959931	10.0880031	
13.53064	10.3752458	10.3498025	10.0959931	10.0880031	
13.54081	10.3752458	10.3498025	10.0959931	10.0880031	
13.55097	10.3752458	10.3498025	10.0959931	10.0880031	
13.56117	10.3752458	10.3498025	10.0959931	10.0880031	
13.57123	10.3752458	10.3498025	10.0959931	10.0880031	
13.58147	10.3752458	10.3498025	10.0959931	10.0880031	
13.59159	10.3752458	10.3498025	10.0959931	10.0880031	
13.6018	10.3752458	10.3498025	10.0959931	10.0880031	
13.6119	10.3752458	10.3498025	10.0959931	10.0880031	
13.62204	10.3752458	10.3498025	10.0959931	10.0880031	
13.63234	10.3752458	10.3498025	10.0959931	10.0880031	
13.64241	10.3752458	10.3498025	10.0959931	10.0880031	
13.66046	10.3752458	10.3498025	10.0959931	10.0880031	
13.665	10.3752458	10.3498025	10.0959931	10.0880031	
13.67512	10.3752458	10.3498025	10.0959931	10.0880031	
13.68533	10.3752458	10.3498025	10.0959931	10.0880031	
13.69549	10.3752458	10.3498025	10.0959931	10.0880031	
13.70572	10.3752458	10.3498025	10.0959931	10.0880031	
13.71578	10.3752458	10.3498025	10.0959931	10.0880031	
13.72592	10.3752458	10.3498025	10.0959931	10.0880031	
13.73616	10.3752458	10.3498025	10.0959931	10.0880031	
13.74624	10.3752458	10.3498025	10.0959931	10.0880031	
13.7564	10.3752458	10.3498025	10.0959931	10.0880031	
13.76656	10.3752458	10.3498025	10.0959931	10.0880031	
13.77672	10.3752458	10.3498025	10.0959931	10.0880031	
13.79615	10.3752458	10.3498025	10.0959931	10.0880031	
13.80072	10.3752458	10.3498025	10.0959931	10.0880031	
13.81085	10.3752458	10.3498025	10.0959931	10.0880031	
13.82098	10.3752458	10.3498025	10.0959931	10.0880031	
13.83903	10.3752458	10.3498025	10.0959931	10.0880031	
13.84357	10.3752458	10.3498025	10.0959931	10.0880031	
13.85375	10.3752458	10.3498025	10.0959931	10.0880031	
13.86391	10.3752458	10.3498025	10.0959931	10.0880031	
13.87404	10.3752458	10.3498025	10.0959931	10.0880031	
13.88421	10.3752458	10.3498025	10.0959931	10.0880031	
13.89436	10.3752458	10.3498025	10.0959931	10.0880031	
13.90458	10.3752458	10.3498025	10.0959931	10.0880031	
13.91469	10.3752458	10.3498025	10.0959931	10.0880031	
13.92483	10.3752458	10.3498025	10.0959931	10.0880031	
13.93501	10.3752458	10.3498025	10.0959931	10.0880031	
13.94515	10.3752458	10.3498025	10.0959931	10.0880031	
13.95531	10.3752458	10.3498025	10.0959931	10.0880031	
13.96547	10.3752458	10.3498025	10.0959931	10.0880031	
13.97563	10.3752458	10.3498025	10.0959931	10.0880031	
13.98584	10.3752458	10.3498025	10.0959931	10.0880031	
13.99595	10.3752458	10.3498025	10.0959931	10.0880031	
14.00611	10.3752458	10.3498025	10.0959931	10.0880031	
14.01636	10.3752458	10.3498025	10.0959931	10.0880031	
14.02642	10.3752458	10.3498025	10.0959931	10.0880031	
14.03653	10.3752458	10.3498025	10.0959931	10.0880031	
14.04677	10.3752458	10.3498025	10.0959931	10.0880031	
14.05693	10.3752458	10.3498025	10.0959931	10.0880031	
14.06703	10.3752458	10.3498025	10.0959931	10.0880031	
14.07716	10.3752458	10.3498025	10.0959931	10.0880031	
14.08736	10.3752458	10.3498025	10.0959931	10.0880031	
14.09749	10.3752458	10.3498025	10.0959931	10.0880031	
14.10763	10.3752458	10.3498025	10.0959931	10.0880031	
14.11782	10.3752458	10.3498025	10.0959931	10.0880031	
14.12798	10.3752458	10.3498025	10.0959931	10.0880031	
14.13812	10.3752458	10.3498025	10.0959931	10.0880031	
14.14826	10.3752458	10.3498025	10.0959931	10.0880031	
14.15838	10.3752458	10.3498025	10.0959931	10.0880031	
14.16887	10.3752458	10.3498025	10.0959931	10.0880031	
14.17899	10.3752458	10.3498025	10.0959931	10.0880031	
14.18916	10.3752458	10.3498025	10.0959931	10.0880031	
14.1993	10.3752458	10.3498025	10.0959931	10.0880031	
14.20945	10.3752458	10.3498025	10.0959931	10.0880031	
14.21961	10.3752458	10.3498025	10.0959931	10.0880031	
14.22981	10.3752458	10.3498025	10.0959931	10.0880031	
14.2399	10.3752458	10.3498025	10.0959931	10.0880031	
14.25003	10.3752458	10.3498025	10.0959931	10.0880031	
14.26037	10.3752458	10.3498025	10.0959931	10.0880031	
14.27032	10.3752458	10.3498025	10.0959931	10.0880031	
14.28051	10.3752458	10.3498025	10.0959931	10.0880031	
14.29061	10.3752458	10.3585291	10.0959931	10.0880031	
14.30074	10.3752458	10.3585291	10.0959931	10.0880031	
14.31093	10.3752458	10.3498025	10.0959931	10.0880031	
14.3211	10.3752458	10.3498025	10.0959931	10.0880031	
14.33127	10.3752458	10.3498025	10.0959931	10.0880031	
14.34136	10.3752458	10.3498025	10.0959931	10.0880031	
14.35152	10.3752458	10.3498025	10.0959931	10.0880031	
14.36173	10.3752458	10.3498025	10.0959931	10.0880031	
14.37202	10.3752458	10.3498025	10.0959931	10.0880031	
14.38197	10.3752458	10.3498025	10.0959931	10.0880031	
14.39217	10.3752458	10.3498025	10.0959931	10.0880031	
14.40226	10.3752458	10.3498025	10.0959931	10.0880031	
14.41237	10.3752458	10.3498025	10.0959931	10.0880031	
14.43096	10.3752458	10.3498025	10.0959931	10.0880031	
14.43553	10.3752458	10.3498025	10.0959931	10.0880031	
14.44571	10.3752458	10.3498025	10.0959931	10.0880031	
14.45585	10.3752458	10.3498025	10.0959931	10.0880031	
14.46595	10.3752458	10.3498025	10.0959931	10.0880031	
14.47614	10.3752458	10.3498025	10.0959931	10.0880031	
14.4863	10.3752458	10.3498025	10.0959931	10.0880031	
14.4965	10.3752458	10.3498025	10.0959931	10.0880031	
14.50661	10.3752458	10.3498025	10.0959931	10.0880031	
14.51675	10.3752458	10.3498025	10.0959931	10.0880031	
14.52693	10.3752458	10.3498025	10.0959931	10.0880031	
14.53709	10.3752458	10.3498025	10.0959931	10.0880031	
14.54721	10.3752458	10.3498025	10.0959931	10.0880031	
14.55733	10.3752458	10.3498025	10.0959931	10.0880031	
14.56757	10.3752458	10.3498025	10.0959931	10.0880031	
14.57774	10.3752458	10.3498025	10.0959931	10.0880031	
14.58787	10.3752458	10.3498025	10.0959931	10.0880031	
14.598	10.3752458	10.3498025	10.0959931	10.0880031	
14.60821	10.3752458	10.3498025	10.0959931	10.0880031	
14.61832	10.3752458	10.3498025	10.0959931	10.0880031	
14.62919	10.3752458	10.3498025	10.0959931	10.0880031	
14.63865	10.3752458	10.3498025	10.0959931	10.0880031	
14.64873	10.3752458	10.3498025	10.0959931	10.0880031	
14.65887	10.3752458	10.3498025	10.0959931	10.0880031	
14.669	10.3752458	10.3498025	10.0959931	10.0880031	
14.67938	10.3752458	10.3498025	10.0959931	10.0880031	
14.68937	10.3752458	10.3498025	10.0959931	10.0880031	
14.69949	10.3752458	10.3498025	10.0959931	10.0880031	
14.70963	10.3752458	10.3498025	10.0959931	10.0880031	
14.71979	10.3752458	10.3498025	10.0959931	10.0880031	
14.72995	10.3752458	10.3498025	10.0959931	10.0880031	
14.74012	10.3752458	10.3498025	10.0959931	10.0880031	
14.75025	10.3752458	10.3498025	10.0959931	10.0880031	
14.76055	10.3752458	10.3498025	10.0959931	10.0880031	
14.77055	10.3752458	10.3498025	10.0959931	10.0880031	
14.78068	10.3752458	10.3498025	10.0959931	10.0880031	
14.79101	10.3752458	10.3498025	10.0959931	10.0880031	
14.80903	10.3752458	10.3498025	10.0959931	10.0880031	
14.81357	10.3752458	10.3498025	10.0959931	10.0880031	
14.8237	10.3752458	10.3498025	10.0959931	10.0880031	
14.83391	10.3752458	10.3498025	10.0959931	10.0880031	
14.84405	10.3752458	10.3498025	10.0959931	10.0880031	
14.85431	10.3752458	10.3498025	10.0959931	10.0880031	
14.86444	10.3752458	10.3498025	10.0959931	10.0880031	
14.87454	10.3752458	10.3498025	10.0959931	10.0880031	
14.88468	10.3752458	10.3498025	10.0959931	10.0880031	
14.89487	10.3752458	10.3498025	10.0959931	10.0880031	
14.90501	10.3752458	10.3498025	10.0959931	10.0880031	
14.91511	10.3752458	10.3498025	10.0959931	10.0880031	
14.92532	10.3752458	10.3498025	10.0959931	10.0880031	
14.93546	10.3752458	10.3498025	10.0959931	10.0880031	
14.94567	10.3752458	10.3498025	10.0959931	10.0880031	
14.95581	10.3752458	10.3498025	10.0959931	10.0880031	
14.96596	10.3752458	10.3498025	10.0959931	10.0880031	
14.97612	10.3752458	10.3498025	10.0959931	10.0880031	
14.98626	10.3752458	10.3498025	10.0959931	10.0880031	
14.99637	10.3752458	10.3498025	10.0959931	10.0880031	
15.00656	10.3752458	10.3498025	10.0959931	10.0880031	
15.01672	10.3752458	10.3498025	10.0959931	10.0880031	
15.02686	10.3752458	10.3498025	10.0959931	10.0880031	
15.03701	10.3752458	10.3498025	10.0959931	10.0880031	
15.04718	10.3752458	10.3498025	10.0959931	10.0880031	
15.05736	10.3752458	10.3498025	10.0959931	10.0880031	
15.06746	10.3752458	10.3498025	10.0959931	10.0880031	
15.07759	10.3752458	10.3498025	10.0959931	10.0880031	
15.08776	10.3752458	10.3498025	10.0959931	10.0880031	
15.09795	10.3752458	10.3585291	10.0959931	10.0880031	
15.10805	10.3752458	10.3585291	10.0959931	10.0880031	
15.1182	10.3752458	10.3498025	10.0959931	10.0880031	
15.12842	10.3752458	10.3498025	10.0959931	10.0880031	
15.1385	10.3752458	10.3498025	10.0959931	10.0880031	
15.14866	10.3752458	10.3498025	10.0959931	10.0880031	
15.15895	10.3752458	10.3498025	10.0959931	10.0880031	
15.16896	10.3752458	10.3498025	10.0959931	10.0880031	
15.17909	10.3752458	10.3498025	10.0959931	10.0880031	
15.18926	10.3752458	10.3498025	10.0959931	10.0880031	
15.19941	10.3752458	10.3498025	10.0959931	10.0880031	
15.20956	10.3752458	10.3498025	10.0959931	10.0880031	
15.21975	10.3752458	10.3498025	10.0959931	10.0880031	
15.22988	10.3752458	10.3498025	10.0959931	10.0880031	
15.24	10.3752458	10.3498025	10.0959931	10.0880031	
15.25013	10.3752458	10.3498025	10.0959931	10.0880031	
15.26027	10.3752458	10.3498025	10.0959931	10.0880031	
15.27047	10.3752458	10.3498025	10.0959931	10.0880031	
15.28063	10.3752458	10.3498025	10.0959931	10.0880031	
15.29073	10.3752458	10.3498025	10.0959931	10.0880031	
15.30087	10.3752458	10.3498025	10.0959931	10.0880031	
15.31111	10.3752458	10.3498025	10.0959931	10.0880031	
15.32121	10.3752458	10.3498025	10.0959931	10.0880031	
15.33129	10.3752458	10.3498025	10.0959931	10.0880031	
15.34146	10.3752458	10.3498025	10.0959931	10.0880031	
15.35162	10.3752458	10.3498025	10.0959931	10.0880031	
15.36186	10.3752458	10.3498025	10.0959931	10.0880031	
15.37198	10.3752458	10.3498025	10.0959931	10.0880031	
15.3821	10.3752458	10.3498025	10.0959931	10.0880031	
15.39233	10.3752458	10.3498025	10.0959931	10.0880031	
15.40236	10.3752458	10.3498025	10.0959931	10.0880031	
15.42086	10.3752458	10.3498025	10.0959931	10.0880031	
15.42541	10.3752458	10.3498025	10.0959931	10.0880031	
15.43556	10.3752458	10.3498025	10.0959931	10.0880031	
15.44572	10.3752458	10.3498025	10.0959931	10.0880031	
15.45585	10.3752458	10.3498025	10.0959931	10.0880031	
15.46602	10.3752458	10.3498025	10.0959931	10.0880031	
15.47622	10.3752458	10.3498025	10.0959931	10.0880031	
15.48637	10.3752458	10.3498025	10.0959931	10.0880031	
15.49655	10.3752458	10.3498025	10.0959931	10.0880031	
15.50666	10.3752458	10.3498025	10.0959931	10.0880031	
15.51682	10.3752458	10.3498025	10.0959931	10.0880031	
15.52702	10.3752458	10.3498025	10.0959931	10.0880031	
15.53715	10.3752458	10.3498025	10.0959931	10.0880031	
15.54729	10.3752458	10.3498025	10.0959931	10.0880031	
15.55743	10.3752458	10.3498025	10.0959931	10.0880031	
15.56765	10.3752458	10.3498025	10.0959931	10.0880031	
15.57783	10.3752458	10.3498025	10.0959931	10.0880031	
15.58795	10.3752458	10.3498025	10.0959931	10.0880031	
15.59808	10.3752458	10.3498025	10.0959931	10.0880031	
15.60835	10.3752458	10.3498025	10.0959931	10.0880031	
15.61841	10.3752458	10.3498025	10.0959931	10.0880031	
15.62856	10.3752458	10.3498025	10.0959931	10.0880031	
15.63873	10.3752458	10.3498025	10.0959931	10.0880031	
15.64885	10.3752458	10.3498025	10.0959931	10.0880031	
15.65899	10.3752458	10.3498025	10.0959931	10.0880031	
15.66912	10.3752458	10.3498025	10.0959931	10.0880031	
15.67931	10.3752458	10.3498025	10.0959931	10.0880031	
15.68952	10.3752458	10.3498025	10.0959931	10.0880031	
15.6996	10.3752458	10.3498025	10.0959931	10.0880031	
15.70983	10.3752458	10.3498025	10.0959931	10.0880031	
15.7199	10.3752458	10.3498025	10.0959931	10.0880031	
15.73008	10.3752458	10.3498025	10.0959931	10.0880031	
15.7402	10.3752458	10.3498025	10.0959931	10.0880031	
15.75036	10.3752458	10.3498025	10.0959931	10.0880031	
15.76053	10.3752458	10.3498025	10.0959931	10.0880031	
15.77067	10.3752458	10.3498025	10.0959931	10.0880031	
15.7808	10.3752458	10.3498025	10.0959931	10.0880031	
15.79213	10.3752458	10.3498025	10.0959931	10.0880031	
15.80901	10.3752458	10.3498025	10.0959931	10.0880031	
15.81355	10.3752458	10.3498025	10.0959931	10.0880031	
15.82368	10.3752458	10.3498025	10.0959931	10.0880031	
15.83393	10.3752458	10.3498025	10.0959931	10.0880031	
15.84402	10.3752458	10.3498025	10.0959931	10.0880031	
15.85416	10.3752458	10.3498025	10.0959931	10.0880031	
15.8644	10.3752458	10.3498025	10.0959931	10.0880031	
15.87449	10.3752458	10.3498025	10.0959931	10.0880031	
15.88464	10.3752458	10.3498025	10.0959931	10.0880031	
15.89493	10.3752458	10.3498025	10.0959931	10.0880031	
15.905	10.3752458	10.3585291	10.0959931	10.0880031	
15.91513	10.3752458	10.3585291	10.0959931	10.0880031	
15.92526	10.3752458	10.3498025	10.0959931	10.0880031	
15.9354	10.3752458	10.3498025	10.0959931	10.0880031	
15.9456	10.3752458	10.3498025	10.0959931	10.0880031	
15.95572	10.3752458	10.3498025	10.0959931	10.0880031	
15.96588	10.3752458	10.3498025	10.0959931	10.0880031	
15.97605	10.3752458	10.3498025	10.0959931	10.0880031	
15.98616	10.3752458	10.3498025	10.0959931	10.0880031	
15.99637	10.3752458	10.3498025	10.0959931	10.0880031	
16.0065	10.3752458	10.3498025	10.0959931	10.0880031	
16.0167	10.3752458	10.3498025	10.0959931	10.0880031	
16.02681	10.3752458	10.3498025	10.0959931	10.0880031	
16.03695	10.3752458	10.3498025	10.0959931	10.0880031	
16.04716	10.3752458	10.3498025	10.0959931	10.0880031	
16.05728	10.3752458	10.3498025	10.0959931	10.0880031	
16.0674	10.3752458	10.3498025	10.0959931	10.0880031	
16.07753	10.3752458	10.3498025	10.0959931	10.0880031	
16.08775	10.3752458	10.3498025	10.0959931	10.0880031	
16.09839	10.3752458	10.3498025	10.0959931	10.0880031	
16.1081	10.3752458	10.3498025	10.0959931	10.0880031	
16.11824	10.3752458	10.3498025	10.0959931	10.0880031	
16.12847	10.3752458	10.3498025	10.0959931	10.0880031	
16.13854	10.3752458	10.3498025	10.0959931	10.0880031	
16.14876	10.3752458	10.3498025	10.0959931	10.0880031	
16.159	10.3752458	10.3498025	10.0959931	10.0880031	
16.16908	10.3752458	10.3498025	10.0959931	10.0880031	
16.17944	10.3752458	10.3498025	10.0959931	10.0880031	
16.19978	10.3752458	10.3498025	10.0959931	10.0880031	
16.20439	10.3752458	10.3498025	10.0959931	10.0880031	
16.2145	10.3752458	10.3498025	10.0959931	10.0880031	
16.22471	10.3752458	10.3498025	10.0959931	10.0880031	
16.23482	10.3752458	10.3498025	10.0959931	10.0880031	
16.24494	10.3752458	10.3498025	10.0959931	10.0880031	
16.25518	10.3752458	10.3498025	10.0959931	10.0880031	
16.26527	10.3752458	10.3498025	10.0959931	10.0880031	
16.27544	10.3752458	10.3498025	10.0959931	10.0880031	
16.28565	10.3752458	10.3498025	10.0959931	10.0880031	
16.29575	10.3752458	10.3498025	10.0959931	10.0880031	
16.30598	10.3752458	10.3498025	10.0959931	10.0880031	
16.31613	10.3752458	10.3498025	10.0959931	10.0880031	
16.32624	10.3752458	10.3498025	10.0959931	10.0880031	
16.33649	10.3752458	10.3498025	10.0959931	10.0880031	
16.34657	10.3752458	10.3498025	10.0959931	10.0880031	
16.35669	10.3752458	10.3498025	10.0959931	10.0880031	
16.36685	10.3752458	10.3498025	10.0959931	10.0880031	
16.37697	10.3752458	10.3498025	10.0959931	10.0880031	
16.3871	10.3752458	10.3498025	10.0959931	10.0880031	
16.3973	10.3752458	10.3498025	10.0959931	10.0880031	
16.40745	10.3752458	10.3498025	10.0959931	10.0880031	
16.41762	10.3752458	10.3498025	10.0959931	10.0880031	
16.42776	10.3752458	10.3498025	10.0959931	10.0880031	
16.43792	10.3752458	10.3498025	10.0959931	10.0880031	
16.44808	10.3752458	10.3498025	10.0959931	10.0880031	
16.45821	10.3752458	10.3498025	10.0959931	10.0880031	
16.46832	10.3752458	10.3498025	10.0959931	10.0880031	
16.47851	10.3752458	10.3498025	10.0959931	10.0880031	
16.48873	10.3752458	10.3498025	10.0959931	10.0880031	
16.49883	10.3752458	10.3498025	10.0959931	10.0880031	
16.50892	10.3752458	10.3498025	10.0959931	10.0880031	
16.51916	10.3752458	10.3498025	10.0959931	10.0880031	
16.52926	10.3752458	10.3498025	10.0959931	10.0880031	
16.5394	10.3752458	10.3498025	10.0959931	10.0880031	
16.54957	10.3752458	10.3498025	10.0959931	10.0880031	
16.55965	10.3752458	10.3498025	10.0959931	10.0880031	
16.56989	10.3752458	10.3498025	10.0959931	10.0880031	
16.58	10.3752458	10.3498025	10.0959931	10.0880031	
16.59011	10.3752458	10.3498025	10.0959931	10.0880031	
16.60027	10.3752458	10.3498025	10.0959931	10.0880031	
16.6104	10.3752458	10.3498025	10.0959931	10.0880031	
16.62056	10.3752458	10.3498025	10.0959931	10.0880031	
16.63071	10.3752458	10.3498025	10.0959931	10.0880031	
16.64088	10.3752458	10.3498025	10.0959931	10.0880031	
16.65111	10.3752458	10.3498025	10.0959931	10.0880031	
16.66121	10.3752458	10.3498025	10.0959931	10.0880031	
16.67132	10.3752458	10.3498025	10.0959931	10.0880031	
16.68143	10.3752458	10.3498025	10.0959931	10.0880031	
16.69161	10.3752458	10.3498025	10.0959931	10.0880031	
16.70174	10.3752458	10.3498025	10.0959931	10.0880031	
16.71188	10.3752458	10.3498025	10.0959931	10.0880031	
16.7221	10.3752458	10.3585291	10.0959931	10.0880031	
16.73224	10.3752458	10.3585291	10.0959931	10.0880031	
16.74283	10.3752458	10.3498025	10.0959931	10.0880031	
16.75277	10.3752458	10.3498025	10.0959931	10.0880031	
16.76299	10.3752458	10.3498025	10.0959931	10.0880031	
16.77307	10.3752458	10.3498025	10.0959931	10.0880031	
16.78324	10.3752458	10.3498025	10.0959931	10.0880031	
16.79466	10.3752458	10.3498025	10.0959931	10.0880031	
16.80353	10.3752458	10.3498025	10.0959931	10.0880031	
16.81369	10.3752458	10.3498025	10.0959931	10.0880031	
16.82382	10.3752458	10.3498025	10.0959931	10.0880031	
16.83409	10.3752458	10.3498025	10.0959931	10.0880031	
16.84419	10.3752458	10.3498025	10.0959931	10.0880031	
16.85436	10.3752458	10.3498025	10.0959931	10.0880031	
16.86459	10.3752458	10.3498025	10.0959931	10.0880031	
16.87466	10.3752458	10.3498025	10.0959931	10.0880031	
16.88483	10.3752458	10.3498025	10.0959931	10.0880031	
16.89497	10.3752458	10.3498025	10.0959931	10.0880031	
16.90513	10.3752458	10.3498025	10.0959931	10.0880031	
16.91528	10.3752458	10.3498025	10.0959931	10.0880031	
16.92543	10.3752458	10.3498025	10.0959931	10.0880031	
16.94364	10.3752458	10.3498025	10.0959931	10.0880031	
16.94819	10.3752458	10.3498025	10.0959931	10.0880031	
16.95835	10.3752458	10.3498025	10.0959931	10.0880031	
16.96861	10.3752458	10.3498025	10.0959931	10.0880031	
16.97866	10.3752458	10.3498025	10.0959931	10.0880031	
16.98879	10.3752458	10.3498025	10.0959931	10.0880031	
16.99896	10.3752458	10.3498025	10.0959931	10.0880031	
17.00908	10.3752458	10.3498025	10.0959931	10.0880031	
17.01923	10.3752458	10.3498025	10.0959931	10.0880031	
17.02936	10.3752458	10.3498025	10.0959931	10.0880031	
17.03954	10.3752458	10.3498025	10.0959931	10.0880031	
17.04967	10.3752458	10.3498025	10.0959931	10.0880031	
17.05981	10.3752458	10.3498025	10.0959931	10.0880031	
17.06997	10.3752458	10.3498025	10.0959931	10.0880031	
17.08007	10.3752458	10.3498025	10.0959931	10.0880031	
17.09022	10.3752458	10.3498025	10.0959931	10.0880031	
17.10037	10.3752458	10.3498025	10.0959931	10.0880031	
17.11052	10.3752458	10.3498025	10.0959931	10.0880031	
17.1207	10.3752458	10.3498025	10.0959931	10.0880031	
17.1308	10.3752458	10.3498025	10.0959931	10.0880031	
17.14095	10.3752458	10.3498025	10.0959931	10.0880031	
17.15906	10.3752458	10.3498025	10.0959931	10.0880031	
17.16402	10.3752458	10.3498025	10.0959931	10.0880031	
17.17416	10.3752458	10.3498025	10.0959931	10.0880031	
17.18436	10.3752458	10.3498025	10.0959931	10.0880031	
17.19448	10.3752458	10.3498025	10.0959931	10.0880031	
17.20465	10.3752458	10.3498025	10.0959931	10.0880031	
17.21479	10.3752458	10.3498025	10.0959931	10.0880031	
17.22496	10.3752458	10.3498025	10.0959931	10.0880031	
17.23512	10.3752458	10.3498025	10.0959931	10.0880031	
17.24526	10.3752458	10.3498025	10.0959931	10.0880031	
17.25547	10.3752458	10.3498025	10.0959931	10.0880031	
17.2656	10.3752458	10.3498025	10.0959931	10.0880031	
17.27575	10.3752458	10.3498025	10.0959931	10.0880031	
17.28595	10.3752458	10.3498025	10.0959931	10.0880031	
17.29605	10.3752458	10.3498025	10.0959931	10.0880031	
17.30626	10.3752458	10.3498025	10.0959931	10.0880031	
17.31639	10.3752458	10.3498025	10.0959931	10.0880031	
17.32651	10.3752458	10.3498025	10.0959931	10.0880031	
17.33673	10.3752458	10.3498025	10.0959931	10.0880031	
17.34684	10.3752458	10.3498025	10.0959931	10.0880031	
17.35703	10.3752458	10.3498025	10.0959931	10.0880031	
17.36721	10.3752458	10.3498025	10.0959931	10.0880031	
17.37734	10.3752458	10.3498025	10.0959931	10.0880031	
17.38748	10.3752458	10.3498025	10.0959931	10.0880031	
17.39762	10.3752458	10.3498025	10.0959931	10.0880031	
17.40779	10.3752458	10.3498025	10.0959931	10.0880031	
17.41799	10.3752458	10.3498025	10.0959931	10.0880031	
17.42808	10.3752458	10.3498025	10.0959931	10.0880031	
17.43823	10.3752458	10.3498025	10.0959931	10.0880031	
17.44848	10.3752458	10.3498025	10.0959931	10.0880031	
17.45863	10.3752458	10.3498025	10.0959931	10.0880031	
17.46876	10.3752458	10.3498025	10.0959931	10.0880031	
17.4789	10.3752458	10.3498025	10.0959931	10.0880031	
17.48906	10.3752458	10.3498025	10.0959931	10.0880031	
17.49919	10.3752458	10.3498025	10.0959931	10.0880031	
17.50933	10.3752458	10.3498025	10.0959931	10.0880031	
17.51949	10.3752458	10.3498025	10.0959931	10.0880031	
17.52963	10.3752458	10.3498025	10.0959931	10.0880031	
17.53977	10.3752458	10.3585291	10.0959931	10.0880031	
17.55	10.3752458	10.3585291	10.0959931	10.0880031	
17.56009	10.3752458	10.3498025	10.0959931	10.0880031	
17.57022	10.3752458	10.3498025	10.0959931	10.0880031	
17.58035	10.3752458	10.3498025	10.0959931	10.0880031	
17.59091	10.3752458	10.3498025	10.0959931	10.0880031	
17.60108	10.3752458	10.3498025	10.0959931	10.0880031	
17.61121	10.3752458	10.3498025	10.0959931	10.0880031	
17.62133	10.3752458	10.3498025	10.0959931	10.0880031	
17.6315	10.3752458	10.3498025	10.0959931	10.0880031	
17.64163	10.3752458	10.3498025	10.0959931	10.0880031	
17.65175	10.3752458	10.3498025	10.0959931	10.0880031	
17.66187	10.3752458	10.3498025	10.0959931	10.0880031	
17.67213	10.3752458	10.3498025	10.0959931	10.0880031	
17.68221	10.3752458	10.3498025	10.0959931	10.0880031	
17.6924	10.3752458	10.3498025	10.0959931	10.0880031	
17.70259	10.3752458	10.3498025	10.0959931	10.0880031	
17.71276	10.3752458	10.3498025	10.0959931	10.0880031	
17.72289	10.3752458	10.3498025	10.0959931	10.0880031	
17.73306	10.3752458	10.3498025	10.0959931	10.0880031	
17.74324	10.3752458	10.3498025	10.0959931	10.0880031	
17.75337	10.3752458	10.3498025	10.0959931	10.0880031	
17.76364	10.3752458	10.3498025	10.0959931	10.0880031	
17.77372	10.3752458	10.3498025	10.0959931	10.0880031	
17.78386	10.3752458	10.3498025	10.0959931	10.0880031	
17.79541	10.3752458	10.3498025	10.0959931	10.0880031	
17.80418	10.3752458	10.3498025	10.0959931	10.0880031	
17.81433	10.3752458	10.3498025	10.0959931	10.0880031	
17.82449	10.3752458	10.3498025	10.0959931	10.0880031	
17.83462	10.3752458	10.3498025	10.0959931	10.0880031	
17.84479	10.3752458	10.3498025	10.0959931	10.0880031	
17.85494	10.3752458	10.3498025	10.0959931	10.0880031	
17.8651	10.3752458	10.3498025	10.0959931	10.0880031	
17.87527	10.3752458	10.3498025	10.0959931	10.0880031	
17.8854	10.3752458	10.3498025	10.0959931	10.0880031	
17.89556	10.3752458	10.3498025	10.0959931	10.0880031	
17.90571	10.3752458	10.3498025	10.0959931	10.0880031	
17.91587	10.3752458	10.3498025	10.0959931	10.0880031	
17.92605	10.3752458	10.3498025	10.0959931	10.0880031	
17.93618	10.3752458	10.3498025	10.0959931	10.0880031	
17.94633	10.3752458	10.3498025	10.0959931	10.0880031	
17.95647	10.3752458	10.3498025	10.0959931	10.0880031	
17.96664	10.3752458	10.3498025	10.0959931	10.0880031	
17.97682	10.3752458	10.3498025	10.0959931	10.0880031	
17.98697	10.3752458	10.3498025	10.0959931	10.0880031	
17.99709	10.3752458	10.3498025	10.0959931	10.0880031	
18.0074	10.3752458	10.3498025	10.0959931	10.0880031	
18.01751	10.3752458	10.3498025	10.0959931	10.0880031	
18.02765	10.3752458	10.3498025	10.0959931	10.0880031	
18.03779	10.3752458	10.3498025	10.0959931	10.0880031	
18.04797	10.3752458	10.3498025	10.0959931	10.0880031	
18.05818	10.3752458	10.3498025	10.0959931	10.0880031	
18.06828	10.3752458	10.3498025	10.0959931	10.0880031	
18.07841	10.3752458	10.3498025	10.0959931	10.0880031	
18.08872	10.3752458	10.3498025	10.0959931	10.0880031	
18.09877	10.3752458	10.3498025	10.0959931	10.0880031	
18.10909	10.3752458	10.3498025	10.0959931	10.0880031	
18.11909	10.3752458	10.3498025	10.0959931	10.0880031	
18.12924	10.3752458	10.3498025	10.0959931	10.0880031	
18.13938	10.3752458	10.3498025	10.0959931	10.0880031	
18.15154	10.3752458	10.3498025	10.0959931	10.0880031	
18.17291	10.3752458	10.3498025	10.0959931	10.0880031	
18.17743	10.3752458	10.3498025	10.0959931	10.0880031	
18.18767	10.3752458	10.3498025	10.0959931	10.0880031	
18.20312	10.3752458	10.3498025	10.0959931	10.0880031	
18.21332	10.3752458	10.3498025	10.0959931	10.0880031	
