2.92278	0.0891174411	0.0872664626	0.0803907949	0.0785398163	
2.929109	0.0900209333	0.0872664626	0.081294287	0.0785398163	
2.93929	0.0922175034	0.0872664626	0.0834908572	0.0785398163	
2.949384	0.0950005809	0.0872664626	0.0862739346	0.0785398163	
2.959511	0.0984246413	0.0959931089	0.0896979951	0.0785398163	
2.96971	0.10247185	0.0959931089	0.0937452033	0.0785398163	
2.979813	0.107102966	0.0959931089	0.0983763198	0.0785398163	
2.989976	0.112384729	0.0959931089	0.103658083	0.0785398163	
3.000157	0.118298435	0.104719755	0.109571789	0.0785398163	
3.010301	0.124803387	0.104719755	0.116076741	0.0785398163	
3.020483	0.131961782	0.104719755	0.123235136	0.0785398163	
3.030943	0.139977803	0.104719755	0.131251157	0.0785398163	
3.041061	0.148380554	0.104719755	0.139653907	0.0785398163	
3.051228	0.157355564	0.113446401	0.148628918	0.0785398163	
3.061315	0.1669147	0.113446401	0.158188053	0.0785398163	
3.07161	0.177310198	0.122173048	0.168583552	0.0785398163	
3.081859	0.188290285	0.122173048	0.179563639	0.0785398163	
3.091796	0.199513334	0.130899694	0.190786688	0.0785398163	
3.101944	0.211601177	0.13962634	0.20287453	0.0785398163	
3.112073	0.224286516	0.148352986	0.21555987	0.0785398163	
3.122708	0.238304695	0.157079633	0.229578048	0.0785398163	
3.132474	0.251713638	0.174532925	0.242986992	0.0872664626	
3.142579	0.266210756	0.191986218	0.257484109	0.0959931089	
3.152799	0.281512287	0.200712864	0.27278564	0.104719755	
3.162863	0.29717544	0.20943951	0.288448793	0.113446401	
3.173039	0.313649387	0.226892803	0.304922741	0.130899694	
3.183158	0.330626646	0.235619449	0.3219	0.148352986	
3.193352	0.348364145	0.244346095	0.339637499	0.174532925	
3.203599	0.366827393	0.261799388	0.358100747	0.191986218	
3.221588	0.401600739	0.270526034	0.392874093	0.218166156	
3.227307	0.412652113	0.27925268	0.403925467	0.253072742	
3.236304	0.430577051	0.296705973	0.421850405	0.27925268	
3.246398	0.451350261	0.314159265	0.442623615	0.314159265	
3.256641	0.473064202	0.331612558	0.464337556	0.340339204	
3.266734	0.49506456	0.34906585	0.486337914	0.375245789	
3.276908	0.517871907	0.375245789	0.509145261	0.410152374	
3.287062	0.541238324	0.401425728	0.532511677	0.436332313	
3.297224	0.565254783	0.427605667	0.556528137	0.471238898	
3.30741	0.589956373	0.453785606	0.581229727	0.506145483	
3.317501	0.61501808	0.488692191	0.606291433	0.541052068	
3.328886	0.644158693	0.523598776	0.635432047	0.575958653	
3.337939	0.66770992	0.558505361	0.658983274	0.610865238	
3.348022	0.694608208	0.593411946	0.685881562	0.637045177	
3.358191	0.722361813	0.628318531	0.713635166	0.671951762	
3.368307	0.750577534	0.663225116	0.741850888	0.715584993	
3.378511	0.779668975	0.706858347	0.770942329	0.750491578	
3.38867	0.809258991	0.750491578	0.800532345	0.785398163	
3.398785	0.839303162	0.785398163	0.830576515	0.820304748	
3.408979	0.870238463	0.820304748	0.861511817	0.86393798	
3.41908	0.901485426	0.86393798	0.892758779	0.898844565	
3.430391	0.937327096	0.898844565	0.92860045	0.93375115	
3.439516	0.966630178	0.93375115	0.957903532	0.959931089	
3.449587	0.999626583	0.968657735	0.990899937	0.994837674	
3.45974	1.03351589	1.01229097	1.02478924	1.02974426	
3.469883	1.06799914	1.04719755	1.05927249	1.06465084	
3.480061	1.10323132	1.08210414	1.09450468	1.09083078	
3.490222	1.138988	1.11701072	1.13026136	1.12573737	
3.510008	1.21159998	1.18682389	1.20287333	1.18682389	
3.514472	1.22786576	1.20427718	1.21913912	1.20427718	
3.524673	1.26592874	1.23918377	1.2572021	1.23918377	
3.53614	1.30951003	1.27409035	1.30078338	1.27409035	
3.546296	1.34865608	1.30899694	1.33992944	1.30899694	
3.556388	1.3881915	1.34390352	1.37946485	1.34390352	
3.566561	1.42870012	1.37881011	1.41997348	1.38753676	
3.576735	1.46978922	1.41371669	1.46106257	1.42244334	
3.586877	1.51137312	1.45734993	1.50264647	1.45734993	
3.597022	1.55359945	1.49225651	1.5448728	1.49225651	
3.607157	1.59638735	1.53588974	1.5876607	1.53588974	
3.617345	1.64003195	1.57079633	1.6313053	1.57079633	
3.627519	1.68424164	1.61442956	1.67551499	1.61442956	
3.637745	1.72933341	1.65806279	1.72060676	1.65806279	
3.647797	1.7741965	1.70169602	1.76546985	1.70169602	
3.658023	1.82051481	1.74532925	1.81178816	1.74532925	
3.668128	1.86687118	1.78023584	1.85814454	1.78896248	
3.686612	1.95421211	1.8675023	1.94548546	1.87622895	
3.691136	1.97549982	1.88495559	1.96677317	1.89368224	
3.701246	2.02389252	1.93731547	2.01516587	1.93731547	
3.711354	2.07290331	1.9809487	2.06417667	1.98967535	
3.721551	2.12295739	2.03330858	2.11423075	2.04203522	
3.731669	2.1732708	2.08566846	2.16454415	2.0943951	
3.741989	2.22519822	2.13802833	2.21647158	2.14675498	
3.752067	2.27649427	2.18166156	2.26776762	2.19911486	
3.762308	2.32928031	2.23402144	2.32055366	2.24274809	
3.772391	2.38183616	2.29510797	2.37310951	2.30383461	
3.78284	2.43702018	2.34746784	2.42829354	2.35619449	
3.792707	2.48965149	2.39982772	2.48092484	2.40855437	
3.802831	2.54428195	2.46091425	2.5355553	2.46964089	
3.812959	2.5995439	2.51327412	2.59081726	2.52200077	
3.823087	2.65544912	2.565634	2.64672248	2.58308729	
3.841631	2.76033383	2.6790804	2.75160719	2.68780705	
3.846116	2.78557016	2.70526034	2.77684352	2.72271363	
3.856316	2.84396121	2.76634686	2.83523457	2.77507351	
3.866519	2.90287817	2.82743339	2.89415152	2.83616003	
3.876585	2.96164183	2.88851991	2.95291518	2.89724656	
3.886775	3.02178604	2.94960644	3.01305939	2.96705973	
3.896933	3.08233573	3.01069296	3.07360908	3.02814625	
3.907082	3.14344938	3.07177948	3.13472273	3.08923278	
3.917238	3.20524266	3.13286601	3.19651602	3.14159265	
3.92738	3.26754906	3.19395253	3.25882241	3.21140582	
3.941034	3.35317885	3.2637657	3.34445221	3.27249235	
3.947718	3.39454001	3.33357887	3.38581336	3.34230552	
3.959851	3.47154118	3.40339204	3.46281453	3.42084533	
3.969932	3.53599936	3.47320521	3.52727272	3.48193186	
3.980063	3.60145283	3.54301838	3.59272619	3.54301838	
3.990256	3.66792562	3.61283155	3.65919897	3.60410491	
4.000403	3.73471478	3.67391808	3.72598814	3.67391808	
4.010559	3.8021756	3.74373125	3.79344895	3.7350046	
4.020728	3.87040466	3.81354442	3.86167801	3.80481777	
4.030838	3.93873407	3.87463094	3.93000743	3.87463094	
4.042525	4.0187298	3.94444411	4.01000315	3.93571746	
4.051229	4.07863794	4.01425728	4.06991129	4.00553063	
4.061311	4.14863994	4.08407045	4.13991329	4.0753438	
4.071503	4.22029477	4.15388362	4.21156813	4.14515697	
4.081611	4.29155977	4.22369679	4.28283313	4.21497014	
4.09198	4.36548587	4.29350996	4.35675922	4.28478331	
4.102153	4.43864307	4.36332313	4.42991643	4.35459648	
4.112298	4.51224469	4.4331363	4.50351804	4.42440965	
4.122478	4.58670848	4.50294947	4.57798183	4.50294947	
4.132759	4.66257077	4.58148929	4.65384412	4.57276264	
4.144194	4.74777793	4.65130246	4.73905128	4.64257581	
4.153129	4.8147148	4.72984227	4.80598815	4.72111563	
4.16323	4.89103008	4.80838209	4.88230343	4.79965544	
4.173385	4.96844272	4.87819526	4.95971608	4.86946861	
4.183559	5.04659897	4.95673508	5.03787232	4.94800843	
4.193764	5.12561925	5.03527489	5.1168926	5.02654825	
4.20384	5.20236659	5.11381471	5.19363994	5.10508806	
4.213992	5.27913376	5.19235452	5.27040711	5.18362788	
4.224088	5.35483866	5.27089434	5.34611201	5.26216769	
4.234465	5.4320342	5.34943416	5.42330756	5.34070751	
4.245785	5.5154937	5.42797397	5.50676706	5.41924733	
4.254588	5.57984711	5.51524044	5.57112047	5.50651379	
4.264737	5.6534991	5.59378025	5.64477245	5.58505361	
4.274851	5.72627849	5.67232007	5.71755184	5.66359342	
4.285022	5.79885405	5.75958653	5.7901274	5.75085989	
4.303436	5.92776471	5.90793952	5.91903807	5.89921287	
4.308043	5.96004894	5.9428461	5.9513223	5.93411946	
4.318179	6.03035089	6.02138592	6.02162424	6.01265927	
4.328343	6.10024874	6.09992574	6.09152209	6.09119909	
4.338508	6.16952178	6.17846555	6.16079514	6.16973891	
4.348746	6.23870327	6.25700537	6.22997663	6.24827872	
4.358855	6.30631995	6.33554518	6.2975933	6.32681854	
4.369002	6.37363406	6.414085	6.36490741	6.40535835	
4.379174	6.44046865	6.48389817	6.43174201	6.47517152	
4.389268	6.50620365	6.56243799	6.497477	6.54498469	
4.399473	6.57202935	6.63225116	6.56330271	6.62352451	
4.409651	6.6370692	6.70206433	6.62834255	6.69333768	
4.419959	6.70228225	6.7718775	6.6935556	6.76315085	
4.430106	6.76591008	6.83296402	6.75718343	6.83296402	
4.440205	6.82856783	6.89405055	6.81984118	6.89405055	
4.450446	6.89151965	6.96386372	6.88279301	6.95513707	
4.460571	6.953156	7.01622359	6.94442936	7.01622359	
4.470727	7.01431679	7.08603676	7.00559015	7.07731012	
4.480887	7.07491573	7.13839664	7.06618909	7.13839664	
4.490975	7.13448623	7.19948316	7.12575958	7.19948316	
4.50118	7.19412861	7.25184304	7.18540196	7.26056969	
4.51135	7.2529279	7.30420292	7.24420125	7.30420292	
4.522093	7.31437405	7.36528944	7.30564741	7.36528944	
4.532057	7.37077534	7.41764932	7.36204869	7.41764932	
4.542138	7.42720769	7.4700092	7.41848105	7.4700092	
4.552418	7.48417363	7.52236908	7.47544699	7.52236908	
4.562579	7.53977695	7.56600231	7.53105031	7.57472895	
4.572904	7.59571465	7.61836218	7.58698801	7.62708883	
4.582768	7.64853702	7.66199542	7.63981038	7.67072206	
4.593013	7.70282792	7.71435529	7.69410128	7.72308194	
4.603077	7.75551093	7.76671517	7.74678428	7.76671517	
4.613248	7.8081617	7.8103484	7.79943505	7.81907505	
4.623363	7.8599058	7.86270828	7.85117915	7.86270828	
4.633592	7.9116128	7.90634151	7.90288615	7.91506816	
4.644201	7.96455988	7.95870139	7.95583323	7.96742804	
4.654427	8.01502466	8.01106127	8.00629801	8.01106127	
4.664058	8.06195845	8.0546945	8.0532318	8.06342114	
4.67428	8.11114554	8.10705438	8.10241889	8.10705438	
4.684324	8.15890144	8.15068761	8.1501748	8.15068761	
4.694511	8.20671702	8.20304748	8.19799037	8.20304748	
4.704633	8.25360349	8.25540736	8.24487685	8.24668072	
4.71478	8.30001734	8.29904059	8.29129069	8.29904059	
4.724918	8.34576758	8.34267382	8.33704093	8.34267382	
4.735098	8.39109219	8.3950337	8.38236554	8.3950337	
4.745634	8.43734638	8.43866693	8.42861974	8.44739358	
4.755884	8.48174437	8.48230016	8.47301773	8.49102681	
4.765954	8.52472589	8.53466004	8.51599924	8.53466004	
4.776115	8.56749956	8.58701992	8.55877291	8.58701992	
4.786304	8.6097724	8.63065315	8.60104575	8.6219265	
4.79643	8.65119183	8.67428638	8.64246519	8.67428638	
4.806588	8.69213534	8.71791961	8.68340869	8.72664626	
4.816787	8.73261661	8.76155285	8.72388997	8.76155285	
4.827119	8.77301463	8.81391272	8.76428798	8.80518608	
4.83705	8.81124466	8.84881931	8.80251801	8.84881931	
4.847201	8.84972271	8.89245254	8.84099606	8.89245254	
4.857475	8.8880518	8.93608577	8.87932515	8.93608577	
4.867617	8.92524314	8.97099236	8.91651649	8.97099236	
4.877726	8.96174172	9.01462559	8.95301507	9.00589894	
4.887889	8.99782924	9.05825882	8.98910259	9.04080553	
4.898067	9.03335673	9.0931654	9.02463008	9.07571211	
4.908199	9.06812823	9.12807199	9.05940159	9.11934534	
4.918354	9.10236204	9.16297857	9.09363539	9.15425193	
4.928524	9.13603883	9.19788516	9.12731219	9.18915851	
4.940671	9.17535804	9.23279174	9.1666314	9.2240651	
4.948797	9.20131983	9.26769833	9.19259319	9.25897168	
4.959015	9.2333521	9.29387827	9.22462545	9.29387827	
4.969131	9.26443802	9.32005821	9.25571137	9.32878485	
4.979241	9.29491388	9.35496479	9.28618724	9.35496479	
4.989431	9.32501876	9.38114473	9.31629211	9.38987138	
4.999532	9.35427594	9.40732467	9.3455493	9.40732467	
5.009733	9.38321504	9.44223125	9.3744884	9.43350461	
5.019893	9.41141807	9.45968455	9.40269143	9.45968455	
5.030074	9.43910706	9.48586448	9.43038041	9.48586448	
5.040184	9.46598114	9.51204442	9.4572545	9.51204442	
5.050374	9.49246981	9.52949772	9.48374316	9.52949772	
5.060546	9.51832601	9.55567765	9.50959937	9.55567765	
5.07069	9.54349269	9.57313095	9.53476604	9.57313095	
5.080855	9.56811946	9.59931089	9.55939281	9.59931089	
5.090975	9.59205257	9.61676418	9.58332592	9.61676418	
5.10146	9.61636093	9.63421747	9.60763428	9.64294412	
5.111297	9.63830244	9.66039741	9.62957579	9.66912406	
5.121441	9.66050465	9.6778507	9.651778	9.68657735	
5.131606	9.68215706	9.69530399	9.67343042	9.70403064	
5.141763	9.70319542	9.72148393	9.69446877	9.73021058	
5.152055	9.72391492	9.73893723	9.71518827	9.74766387	
5.162155	9.7436572	9.75639052	9.73493056	9.76511716	
5.172256	9.76280866	9.77384381	9.75408201	9.78257046	
5.182353	9.78137631	9.7912971	9.77264967	9.80002375	
5.192486	9.79943437	9.8087504	9.79070772	9.81747704	
5.202914	9.81738371	9.82620369	9.80865706	9.83493033	
5.212776	9.83381501	9.84365698	9.82508836	9.84365698	
5.22292	9.85013542	9.86111027	9.84140877	9.86111027	
5.233069	9.86588053	9.87856357	9.85715389	9.87856357	
5.243227	9.8810597	9.89601686	9.87233305	9.88729021	
5.253364	9.89563505	9.91347015	9.88690841	9.90474351	
5.263731	9.90997871	9.93092344	9.90125207	9.91347015	
5.27378	9.92322256	9.93965009	9.91449591	9.93092344	
5.283948	9.93609922	9.95710338	9.92737257	9.94837674	
5.293972	9.94824487	9.97455668	9.93951822	9.96583003	
5.304472	9.96034435	9.98328332	9.95161771	9.98328332	
5.314354	9.97121095	10.0007366	9.96248431	9.99200997	
5.324444	9.98174784	10.0094633	9.97302119	10.0094633	
5.334605	9.99179445	10.0181899	9.9830678	10.0181899	
5.344732	10.0012603	10.0356432	9.99253363	10.0269166	
5.354901	10.0102055	10.0356432	10.0014789	10.0356432	
5.365188	10.0186915	10.0443698	10.0099648	10.0530965	
5.375266	10.0264679	10.0530965	10.0177413	10.0530965	
5.38542	10.033767	10.0530965	10.0250403	10.0618231	
5.395581	10.0405362	10.0530965	10.0318095	10.0618231	
5.405735	10.0467754	10.0618231	10.0380487	10.0705498	
5.41588	10.0524937	10.0618231	10.0437671	10.0705498	
5.426071	10.0577194	10.0618231	10.0489927	10.0705498	
5.436195	10.0624141	10.0618231	10.0536875	10.0705498	
5.446347	10.0666348	10.0618231	10.0579081	10.0705498	
5.456491	10.0703724	10.0618231	10.0616458	10.0705498	
5.466753	10.07368	10.0705498	10.0649534	10.0705498	
5.476839	10.0764932	10.0705498	10.0677665	10.0705498	
5.486962	10.0788952	10.0705498	10.0701685	10.0705498	
5.506932	10.0816701	10.0705498	10.0729435	10.0705498	
5.51149	10.0823958	10.0705498	10.0736692	10.0705498	
5.521771	10.0872665	10.0792764	10.0785398	10.0705498	
5.531894	10.0872665	10.0792764	10.0785398	10.0705498	
5.542107	10.0872665	10.0792764	10.0785398	10.0705498	
5.55213	10.0872665	10.0792764	10.0785398	10.0705498	
5.564496	10.0872665	10.0792764	10.0785398	10.0705498	
5.572511	10.0872665	10.0792764	10.0785398	10.0705498	
5.582625	10.0872665	10.0792764	10.0785398	10.0705498	
5.592782	10.0872665	10.0792764	10.0785398	10.0705498	
5.6029	10.0872665	10.0705498	10.0785398	10.0705498	
5.613092	10.0872665	10.0705498	10.0785398	10.0705498	
5.62323	10.0872665	10.0705498	10.0785398	10.0705498	
5.63336	10.0872665	10.0705498	10.0785398	10.0705498	
5.643568	10.0872665	10.0705498	10.0785398	10.0705498	
5.653762	10.0872665	10.0705498	10.0785398	10.0705498	
5.664213	10.0872665	10.0705498	10.0785398	10.0705498	
5.673963	10.0872665	10.0705498	10.0785398	10.0705498	
5.68409	10.0872665	10.0705498	10.0785398	10.0705498	
5.694239	10.0872665	10.0705498	10.0785398	10.0705498	
5.704343	10.0872665	10.0705498	10.0785398	10.0705498	
5.71458	10.0872665	10.0705498	10.0785398	10.0705498	
5.724675	10.0872665	10.0705498	10.0785398	10.0705498	
5.734814	10.0872665	10.0705498	10.0785398	10.0705498	
5.745001	10.0872665	10.0705498	10.0785398	10.0705498	
5.763154	10.0872665	10.0705498	10.0785398	10.0705498	
5.767647	10.0872665	10.0705498	10.0785398	10.0705498	
5.777835	10.0872665	10.0705498	10.0785398	10.0705498	
5.788014	10.0872665	10.0705498	10.0785398	10.0705498	
5.798158	10.0872665	10.0705498	10.0785398	10.0705498	
5.808328	10.0872665	10.0705498	10.0785398	10.0705498	
5.818519	10.0872665	10.0705498	10.0785398	10.0705498	
5.828637	10.0872665	10.0705498	10.0785398	10.0705498	
5.838795	10.0872665	10.0705498	10.0785398	10.0705498	
5.848974	10.0872665	10.0705498	10.0785398	10.0705498	
5.859101	10.0872665	10.0705498	10.0785398	10.0705498	
5.869264	10.0872665	10.0705498	10.0785398	10.0705498	
5.879403	10.0872665	10.0705498	10.0785398	10.0705498	
5.889625	10.0872665	10.0705498	10.0785398	10.0705498	
5.89984	10.0872665	10.0705498	10.0785398	10.0705498	
5.90993	10.0872665	10.0705498	10.0785398	10.0705498	
5.920063	10.0872665	10.0705498	10.0785398	10.0705498	
5.930276	10.0872665	10.0705498	10.0785398	10.0705498	
5.942479	10.0872665	10.0705498	10.0785398	10.0705498	
5.950524	10.0872665	10.0705498	10.0785398	10.0705498	
5.960638	10.0872665	10.0705498	10.0785398	10.0705498	
5.970953	10.0872665	10.0705498	10.0785398	10.0705498	
5.980931	10.0872665	10.0705498	10.0785398	10.0705498	
5.991294	10.0872665	10.0705498	10.0785398	10.0705498	
6.001305	10.0872665	10.0705498	10.0785398	10.0705498	
6.011596	10.0872665	10.0705498	10.0785398	10.0705498	
6.02162	10.0872665	10.0705498	10.0785398	10.0705498	
6.031805	10.0872665	10.0705498	10.0785398	10.0705498	
6.041918	10.0872665	10.0705498	10.0785398	10.0705498	
6.052852	10.0872665	10.0705498	10.0785398	10.0705498	
6.062809	10.0872665	10.0705498	10.0785398	10.0705498	
6.072416	10.0872665	10.0705498	10.0785398	10.0705498	
6.082571	10.0872665	10.0705498	10.0785398	10.0705498	
6.09266	10.0872665	10.0705498	10.0785398	10.0705498	
6.102906	10.0872665	10.0705498	10.0785398	10.0705498	
6.113018	10.0872665	10.0705498	10.0785398	10.0705498	
6.123133	10.0872665	10.0705498	10.0785398	10.0705498	
6.133261	10.0872665	10.0705498	10.0785398	10.0705498	
6.143413	10.0872665	10.0705498	10.0785398	10.0705498	
6.15371	10.0872665	10.0705498	10.0785398	10.0705498	
6.163884	10.0872665	10.0705498	10.0785398	10.0705498	
6.173941	10.0872665	10.0705498	10.0785398	10.0705498	
6.184099	10.0872665	10.0705498	10.0785398	10.0705498	
6.194302	10.0872665	10.0705498	10.0785398	10.0705498	
6.204361	10.0872665	10.0705498	10.0785398	10.0705498	
6.21454	10.0872665	10.0705498	10.0785398	10.0705498	
6.224697	10.0872665	10.0705498	10.0785398	10.0705498	
6.234852	10.0872665	10.0705498	10.0785398	10.0705498	
6.245015	10.0872665	10.0705498	10.0785398	10.0705498	
6.262989	10.0872665	10.0705498	10.0785398	10.0705498	
6.267486	10.0872665	10.0705498	10.0785398	10.0705498	
6.277666	10.0872665	10.0705498	10.0785398	10.0705498	
6.288392	10.0872665	10.0705498	10.0785398	10.0705498	
6.298064	10.0872665	10.0705498	10.0785398	10.0705498	
6.308187	10.0872665	10.0705498	10.0785398	10.0705498	
6.318285	10.0872665	10.0705498	10.0785398	10.0705498	
6.328501	10.0872665	10.0705498	10.0785398	10.0705498	
6.338658	10.0872665	10.0705498	10.0785398	10.0705498	
6.3488	10.0872665	10.0705498	10.0785398	10.0705498	
6.358952	10.0872665	10.0705498	10.0785398	10.0705498	
6.369151	10.0872665	10.0705498	10.0785398	10.0705498	
6.379279	10.0872665	10.0705498	10.0785398	10.0705498	
6.397422	10.0872665	10.0705498	10.0785398	10.0705498	
6.401983	10.0872665	10.0705498	10.0785398	10.0705498	
6.41224	10.0872665	10.0705498	10.0785398	10.0705498	
6.422301	10.0872665	10.0705498	10.0785398	10.0705498	
6.432472	10.0872665	10.0705498	10.0785398	10.0705498	
6.442581	10.0872665	10.0705498	10.0785398	10.0705498	
6.452985	10.0872665	10.0705498	10.0785398	10.0705498	
6.462851	10.0872665	10.0705498	10.0785398	10.0705498	
6.473071	10.0872665	10.0705498	10.0785398	10.0705498	
6.483162	10.0872665	10.0705498	10.0785398	10.0705498	
6.4933	10.0872665	10.0705498	10.0785398	10.0705498	
6.503441	10.0872665	10.0705498	10.0785398	10.0705498	
6.521489	10.0872665	10.0705498	10.0785398	10.0705498	
6.526076	10.0872665	10.0705498	10.0785398	10.0705498	
6.536164	10.0872665	10.0705498	10.0785398	10.0705498	
6.546431	10.0872665	10.0705498	10.0785398	10.0705498	
6.556497	10.0872665	10.0705498	10.0785398	10.0705498	
6.566663	10.0872665	10.0705498	10.0785398	10.0705498	
6.576817	10.0872665	10.0705498	10.0785398	10.0705498	
6.586983	10.0872665	10.0705498	10.0785398	10.0705498	
6.597297	10.0872665	10.0705498	10.0785398	10.0705498	
6.607257	10.0872665	10.0705498	10.0785398	10.0705498	
6.617475	10.0872665	10.0705498	10.0785398	10.0705498	
6.627623	10.0872665	10.0705498	10.0785398	10.0705498	
6.639054	10.0860884	10.0705498	10.0773617	10.0705498	
6.64905	10.0845049	10.0705498	10.0757783	10.0705498	
6.65912	10.0822978	10.0705498	10.0735712	10.0705498	
6.66925	10.0794598	10.0705498	10.0707332	10.0705498	
6.67944	10.0759802	10.0705498	10.0672535	10.0705498	
6.68961	10.0718864	10.0705498	10.0631598	10.0705498	
6.699819	10.0671501	10.0705498	10.0584235	10.0705498	
6.709884	10.0618819	10.0705498	10.0531552	10.0705498	
6.720031	10.0559444	10.0705498	10.0472177	10.0705498	
6.730213	10.0493665	10.0705498	10.0406398	10.0705498	
6.740426	10.0421403	10.0705498	10.0334136	10.0705498	
6.75058	10.0343415	10.0705498	10.0256148	10.0705498	
6.760905	10.0257583	10.0618231	10.0170317	10.0705498	
6.770881	10.0168923	10.0618231	10.0081656	10.0705498	
6.781032	10.0072344	10.0530965	9.99850774	10.0705498	
6.791204	9.99694551	10.0530965	9.98821887	10.0705498	
6.801371	9.98603527	10.0443698	9.97730862	10.0705498	
6.811513	9.97453533	10.0356432	9.96580868	10.0618231	
6.821596	9.96249266	10.0356432	9.95376601	10.0618231	
6.831745	9.94975226	10.0269166	9.94102561	10.0618231	
6.842005	9.93623879	10.0094633	9.92751214	10.0530965	
6.852132	9.92229067	10.0007366	9.91356402	10.0356432	
6.862492	9.90736744	9.98328332	9.8986408	10.0269166	
6.872472	9.89241155	9.97455668	9.8836849	10.0094633	
6.882899	9.87610474	9.95710338	9.86737809	9.98328332	
6.892728	9.86019039	9.93965009	9.85146374	9.96583003	
6.902866	9.843143	9.9221968	9.83441635	9.93965009	
6.913097	9.82529753	9.90474351	9.81657088	9.91347015	
6.92316	9.80714956	9.88729021	9.79842291	9.88729021	
6.933299	9.78824347	9.87856357	9.77951682	9.86111027	
6.94589	9.76371133	9.86111027	9.75498468	9.83493033	
6.961425	9.73188137	9.84365698	9.72315472	9.8087504	
6.965893	9.7227717	9.82620369	9.71404505	9.78257046	
6.976025	9.70127273	9.8087504	9.69254608	9.75639052	
6.986226	9.67901171	9.7912971	9.67028506	9.73893723	
6.996903	9.65499865	9.77384381	9.646272	9.71275729	
7.006594	9.63269985	9.74766387	9.6239732	9.68657735	
7.016744	9.60869079	9.72148393	9.59996415	9.66039741	
7.026915	9.58399802	9.68657735	9.57527138	9.63421747	
7.037044	9.55881791	9.66039741	9.55009126	9.59931089	
7.047262	9.53276929	9.62549082	9.52404265	9.5644043	
7.057365	9.50643145	9.59058424	9.49770481	9.53822436	
7.06753	9.47928878	9.55567765	9.47056214	9.50331778	
7.077644	9.45167277	9.52949772	9.44294612	9.47713784	
7.08782	9.42317199	9.49459113	9.41444534	9.44223125	
7.098	9.39422267	9.45968455	9.38549602	9.41605131	
7.108151	9.36464945	9.43350461	9.3559228	9.38987138	
7.118332	9.33435077	9.40732467	9.32562413	9.36369144	
7.128416	9.30375487	9.37241808	9.29502822	9.3375115	
7.13863	9.27212209	9.3375115	9.26339544	9.31133156	
7.157088	9.21244219	9.27642497	9.20371555	9.25024504	
7.161651	9.19778822	9.26769833	9.18906157	9.24151839	
7.17181	9.16429813	9.23279174	9.15557148	9.2066118	
7.181916	9.13038495	9.19788516	9.12165831	9.17170522	
7.192039	9.09578194	9.15425193	9.08705529	9.13679863	
7.202272	9.0601959	9.11934534	9.05146925	9.10189205	
7.212333	9.02458824	9.07571211	9.0158616	9.06698546	
7.222517	8.98792646	9.04080553	8.97919981	9.03207888	
7.232629	8.95092003	9.00589894	8.94219339	8.99717229	
7.243768	8.90933376	8.97099236	8.90060711	8.96226571	
7.252993	8.87449452	8.93608577	8.86576787	8.91863248	
7.263121	8.83557654	8.90117919	8.82684989	8.88372589	
7.27329	8.79586353	8.85754595	8.78713688	8.84881931	
7.283389	8.75583406	8.82263937	8.74710742	8.80518608	
7.3019	8.67990404	8.77900614	8.67117739	8.77027949	
7.306494	8.66114063	8.72664626	8.65241398	8.71791961	
7.316536	8.61932971	8.69173967	8.61060307	8.66555974	
7.326944	8.57532057	8.6393798	8.56659393	8.6219265	
7.336828	8.53296425	8.60447321	8.5242376	8.58701992	
7.34831	8.48290551	8.55211333	8.47417886	8.53466004	
7.357171	8.44390934	8.49975346	8.43518269	8.49102681	
7.367369	8.39832458	8.45612023	8.38959793	8.44739358	
7.377514	8.35237901	8.40376035	8.34365236	8.3950337	
7.387632	8.30594256	8.36012712	8.29721592	8.35140047	
7.39783	8.25848423	8.30776724	8.24975758	8.30776724	
7.407971	8.21055515	8.25540736	8.20182851	8.25540736	
7.418143	8.16215632	8.21177413	8.15342968	8.20304748	
7.428283	8.11312592	8.15941425	8.10439927	8.15941425	
7.438392	8.06365287	8.10705438	8.05492623	8.10705438	
7.449876	8.0065602	8.0546945	7.99783356	8.06342114	
7.458755	7.96206087	8.01106127	7.95333423	8.01106127	
7.468898	7.91056918	7.94997474	7.90184254	7.95870139	
7.479034	7.85848672	7.90634151	7.84976008	7.90634151	
7.48918	7.80571917	7.84525499	7.79699253	7.84525499	
7.510593	7.69087893	7.73180859	7.68215228	7.73180859	
7.522921	7.62421018	7.66199542	7.61548354	7.67072206	
7.52743	7.59981116	7.63581548	7.59108451	7.64454212	
7.537538	7.5443311	7.5834556	7.53560445	7.59218225	
7.548523	7.48322158	7.52236908	7.47449494	7.53109572	
7.55794	7.43041299	7.4700092	7.42168634	7.4700092	
7.568077	7.37293864	7.41764932	7.36421199	7.41764932	
7.578217	7.31479604	7.36528944	7.3060694	7.3565628	
7.588364	7.25597767	7.31292957	7.24725102	7.30420292	
7.598532	7.196446	7.25184304	7.18771935	7.2431164	
7.608688	7.13636033	7.19075652	7.12763369	7.19075652	
7.618887	7.07538887	7.13839664	7.06666222	7.12966999	
7.628997	7.01433275	7.07731012	7.00560611	7.06858347	
7.639108	6.9526261	7.01622359	6.94389946	6.9987703	
7.649996	6.88543656	6.95513707	6.87670992	6.93768378	
7.659511	6.82631042	6.89405055	6.81758378	6.87659725	
7.669618	6.76283412	6.83296402	6.75410748	6.80678408	
7.679775	6.69840426	6.76315085	6.68967761	6.74569756	
7.689897	6.63358925	6.70206433	6.6248626	6.68461104	
7.700135	6.56737279	6.6409778	6.55864615	6.61479787	
7.710202	6.50170505	6.57116463	6.4929784	6.54498469	
7.720397	6.43453489	6.51007811	6.42580824	6.48389817	
7.730608	6.36665997	6.44026494	6.35793333	6.42281165	
7.740642	6.29933614	6.37045177	6.29060949	6.35299848	
7.751568	6.22524154	6.3006386	6.21651489	6.28318531	
7.76113	6.15998351	6.23082543	6.15125687	6.21337214	
7.771211	6.09052834	6.16101226	6.08180169	6.14355897	
7.781341	6.02009751	6.09119909	6.01137086	6.0737458	
7.79149	5.94890888	6.02138592	5.94018223	6.00393263	
7.801618	5.8772311	5.95157275	5.86850445	5.93411946	
7.811801	5.80459049	5.88175958	5.79586384	5.86430629	
7.821934	5.7316779	5.81194641	5.72295125	5.78576647	
7.832092	5.65795831	5.73340659	5.64923166	5.7159533	
7.842288	5.5833232	5.66359342	5.57459656	5.63741348	
7.854212	5.49509634	5.58505361	5.4863697	5.56760031	
7.862587	5.43286608	5.51524044	5.42413943	5.49778714	
7.872681	5.35716207	5.43670062	5.34843542	5.41924733	
7.88283	5.28042596	5.3581608	5.27169931	5.34070751	
7.89297	5.20313367	5.28834763	5.19440702	5.27089434	
7.903112	5.12519336	5.20980782	5.11646671	5.19235452	
7.913305	5.04625952	5.131268	5.03753287	5.11381471	
7.923399	4.96931028	5.04400154	4.96058364	5.03527489	
7.93361	4.89210565	4.96546172	4.883379	4.95673508	
7.944186	4.81064054	4.88692191	4.80191389	4.87819526	
7.955675	4.72745828	4.79965544	4.71873164	4.79965544	
7.964098	4.66528351	4.71238898	4.65655687	4.72111563	
7.974211	4.59127909	4.63384916	4.58255245	4.64257581	
7.984343	4.51775148	4.55530935	4.50902484	4.55530935	
7.994636	4.44363844	4.46804289	4.43491179	4.47676953	
8.004712	4.37176704	4.38077642	4.36304039	4.39822972	
8.014819	4.30030096	4.30223661	4.29157432	4.31096325	
8.025158	4.2277573	4.22369679	4.21903065	4.23242344	
8.042988	4.10506337	4.08407045	4.09633672	4.08407045	
8.047443	4.07435946	4.04916386	4.06563281	4.04916386	
8.059022	3.99523798	3.97062405	3.98651134	3.97935069	
8.067815	3.9360589	3.89208423	3.92733225	3.90081088	
8.077935	3.86831717	3.82227106	3.85959052	3.82227106	
8.088141	3.80058558	3.75245789	3.79185894	3.74373125	
8.098225	3.73427492	3.67391808	3.72554827	3.66519143	
8.108419	3.6678531	3.60410491	3.65912645	3.59537826	
8.118578	3.60230122	3.53429174	3.59357458	3.52556509	
8.128743	3.53730958	3.46447857	3.52858294	3.45575192	
8.138946	3.47270497	3.3946654	3.46397832	3.38593875	
8.149112	3.40895133	3.33357887	3.40022468	3.31612558	
8.160576	3.33781443	3.2637657	3.32908778	3.24631241	
8.169395	3.28360914	3.19395253	3.2748825	3.18522588	
8.179539	3.22183129	3.14159265	3.21310464	3.12413936	
8.189683	3.1606801	3.08050613	3.15195346	3.06305284	
8.199793	3.10034319	3.01941961	3.09161654	3.01069296	
8.20996	3.04028488	2.96705973	3.03155823	2.94960644	
8.220179	2.98051546	2.91469985	2.97178882	2.89724656	
8.230298	2.92197347	2.86233997	2.91324683	2.83616003	
8.240437	2.863907	2.8099801	2.85518035	2.78380016	
8.250641	2.8061196	2.75762022	2.79739295	2.73144028	
8.262141	2.74175748	2.70526034	2.73303083	2.6790804	
8.27095	2.69292467	2.65290046	2.68419802	2.62672052	
8.281144	2.63704178	2.60054059	2.62831514	2.58308729	
8.291243	2.58227922	2.55690735	2.57355257	2.52200077	
8.301576	2.52685406	2.50454748	2.51812741	2.47836754	
8.311546	2.47310219	2.46091425	2.46437554	2.42600766	
8.321713	2.42072505	2.40855437	2.41199841	2.37364778	
8.331842	2.36823968	2.35619449	2.35951304	2.33001455	
8.341995	2.31626452	2.30383461	2.30753787	2.28638132	
8.352278	2.26421677	2.26020138	2.25549012	2.23402144	
8.363804	2.20668982	2.2078415	2.19796317	2.19038821	
8.372474	2.16389605	2.15548163	2.1551694	2.14675498	
8.382595	2.11450792	2.11184839	2.10578127	2.0943951	
8.392708	2.06576184	2.05948852	2.0570352	2.05076187	
8.402973	2.01692355	2.00712864	2.00819691	1.99840199	
8.413032	1.96967404	1.95476876	1.9609474	1.95476876	
8.423173	1.92263837	1.91113553	1.91391172	1.90240888	
8.433358	1.87599775	1.85877565	1.8672711	1.85877565	
8.443451	1.8304026	1.81514242	1.82167596	1.81514242	
8.462417	1.74731884	1.76278254	1.7385922	1.76278254	
8.475185	1.69213319	1.70169602	1.68340654	1.71042267	
8.479738	1.67251479	1.6406095	1.66378814	1.6406095	
8.489876	1.62950608	1.58824962	1.62077943	1.59697627	
8.500114	1.58669218	1.54461639	1.57796553	1.54461639	
8.510151	1.54530473	1.50098316	1.53657808	1.50098316	
8.520347	1.50387733	1.45734993	1.49515069	1.45734993	
8.530601	1.46283774	1.41371669	1.45411109	1.41371669	
8.540639	1.42327466	1.36135682	1.41454801	1.37008346	
8.550792	1.38385842	1.32645023	1.37513177	1.32645023	
8.560949	1.34502805	1.282817	1.3363014	1.282817	
8.571244	1.30628501	1.23918377	1.29755836	1.23918377	
8.581377	1.26877413	1.20427718	1.26004748	1.19555054	
8.591513	1.23186109	1.16064395	1.22313445	1.15191731	
8.601667	1.19548306	1.11701072	1.18675641	1.11701072	
8.611757	1.15992139	1.08210414	1.15119474	1.08210414	
8.622178	1.123853	1.04719755	1.11512635	1.0384709	
8.632085	1.0900295	1.01229097	1.08130286	1.00356432	
8.642308	1.05595586	0.977384381	1.04722921	0.968657735	
8.652398	1.02281475	0.942477796	1.0140881	0.942477796	
8.662912	0.988942793	0.907571211	0.980216147	0.907571211	
8.672762	0.957744326	0.872664626	0.949017679	0.872664626	
8.682911	0.926248613	0.846484687	0.917521967	0.846484687	
8.693062	0.895328626	0.811578102	0.886601979	0.811578102	
8.70316	0.865165175	0.785398163	0.856438529	0.785398163	
8.713353	0.835314072	0.750491578	0.826587426	0.750491578	
8.723462	0.806328976	0.72431164	0.79760233	0.72431164	
8.742679	0.753859012	0.698131701	0.745132366	0.698131701	
8.747224	0.741383922	0.654498469	0.732657275	0.654498469	
8.757329	0.714408816	0.628318531	0.705682169	0.628318531	
8.768416	0.685518337	0.602138592	0.67679169	0.602138592	
8.777752	0.661678315	0.575958653	0.652951669	0.584685299	
8.787872	0.636449541	0.558505361	0.627722894	0.558505361	
8.798034	0.611703358	0.532325422	0.602976712	0.541052068	
8.808191	0.587575474	0.506145483	0.578848827	0.514872129	
8.818359	0.564007848	0.488692191	0.555281201	0.497418837	
8.828533	0.541032915	0.471238898	0.532306269	0.479965544	
8.838646	0.518783297	0.453785606	0.510056651	0.453785606	
8.848768	0.4971037	0.436332313	0.488377053	0.436332313	
8.858922	0.475942922	0.41887902	0.467216276	0.41887902	
8.869989	0.453600401	0.401425728	0.444873755	0.401425728	
8.879597	0.434714901	0.383972435	0.425988255	0.383972435	
8.889446	0.415914539	0.375245789	0.407187893	0.366519143	
8.899581	0.397153354	0.357792497	0.388426708	0.34906585	
8.909683	0.3790423	0.34906585	0.370315654	0.340339204	
8.919877	0.361344395	0.331612558	0.352617748	0.322885912	
8.930037	0.344301747	0.331612558	0.335575101	0.314159265	
8.940267	0.327731095	0.314159265	0.319004449	0.296705973	
8.961531	0.296371195	0.305432619	0.287644549	0.27925268	
8.966164	0.289630518	0.296705973	0.280903871	0.27925268	
8.976396	0.275122588	0.296705973	0.266395942	0.270526034	
8.986633	0.261201875	0.27925268	0.252475228	0.261799388	
8.996702	0.247846187	0.27925268	0.23911954	0.253072742	
9.006844	0.235405828	0.270526034	0.226679182	0.244346095	
9.017002	0.223282363	0.261799388	0.214555716	0.235619449	
9.027377	0.211498494	0.253072742	0.202771848	0.226892803	
9.03733	0.200729465	0.235619449	0.192002819	0.218166156	
9.047436	0.190344694	0.226892803	0.181618048	0.20943951	
9.057607	0.18045195	0.218166156	0.171725304	0.200712864	
9.067783	0.171108533	0.200712864	0.162381887	0.191986218	
9.078292	0.162054802	0.191986218	0.153328155	0.174532925	
9.08837	0.153899559	0.174532925	0.145172913	0.174532925	
9.098596	0.146173824	0.165806279	0.137447178	0.157079633	
9.108716	0.139054256	0.157079633	0.13032761	0.148352986	
9.118816	0.132467781	0.13962634	0.123741135	0.13962634	
9.129034	0.126335432	0.130899694	0.117608786	0.130899694	
9.139192	0.120755947	0.122173048	0.1120293	0.122173048	
9.149447	0.115635947	0.113446401	0.106909301	0.113446401	
9.159505	0.111098135	0.104719755	0.102371489	0.104719755	
9.16962	0.107015299	0.0959931089	0.0982886526	0.0959931089	
9.179886	0.103356171	0.0872664626	0.0946295246	0.0872664626	
9.189993	0.100203166	0.0785398163	0.0914765197	0.0698131701	
9.200149	0.0974665097	0.0698131701	0.0887398634	0.0610865238	
9.210294	0.0951627054	0.0610865238	0.0864360592	0.0523598776	
9.220424	0.0932460231	0.0523598776	0.0845193768	0.034906585	
9.230742	0.0916725934	0.0523598776	0.0829459471	0.034906585	
9.240828	0.0872664626	0.0436332313	0.0785398163	0.0261799388	
9.250957	0.0872664626	0.0436332313	0.0785398163	0.0261799388	
9.261158	0.0872664626	0.0436332313	0.0785398163	0.0261799388	
9.271483	0.0872664626	0.0436332313	0.0785398163	0.0261799388	
9.281528	0.0872664626	0.0523598776	0.0785398163	0.034906585	
9.291645	0.0872664626	0.0523598776	0.0785398163	0.034906585	
9.301771	0.0872664626	0.0523598776	0.0785398163	0.0436332313	
9.311955	0.0872664626	0.0523598776	0.0785398163	0.0436332313	
9.322057	0.0872664626	0.0523598776	0.0785398163	0.0523598776	
9.332304	0.0872664626	0.0523598776	0.0785398163	0.0523598776	
9.342479	0.0872664626	0.0523598776	0.0785398163	0.0610865238	
9.35256	0.0872664626	0.0523598776	0.0785398163	0.0610865238	
9.362772	0.0872664626	0.0523598776	0.0785398163	0.0610865238	
9.372999	0.0872664626	0.0523598776	0.0785398163	0.0523598776	
9.383076	0.0872664626	0.0523598776	0.0785398163	0.0523598776	
9.393254	0.0872664626	0.0523598776	0.0785398163	0.0523598776	
9.403343	0.0872664626	0.0523598776	0.0785398163	0.0523598776	
9.413463	0.0872664626	0.0523598776	0.0785398163	0.0610865238	
9.431927	0.0872664626	0.0610865238	0.0785398163	0.0610865238	
9.436552	0.0872664626	0.0698131701	0.0785398163	0.0610865238	
9.446657	0.0872664626	0.0698131701	0.0785398163	0.0610865238	
9.456794	0.0872664626	0.0698131701	0.0785398163	0.0523598776	
9.466955	0.0872664626	0.0698131701	0.0785398163	0.0523598776	
9.478309	0.0872664626	0.0698131701	0.0785398163	0.0523598776	
9.487323	0.0872664626	0.0698131701	0.0785398163	0.0523598776	
9.507299	0.0872664626	0.0698131701	0.0785398163	0.0610865238	
9.511816	0.0872664626	0.0698131701	0.0785398163	0.0610865238	
9.522387	0.0872664626	0.0698131701	0.0785398163	0.0610865238	
9.532308	0.0872664626	0.0698131701	0.0785398163	0.0610865238	
9.542312	0.0872664626	0.0698131701	0.0785398163	0.0610865238	
9.552498	0.0872664626	0.0698131701	0.0785398163	0.0523598776	
9.562638	0.0872664626	0.0698131701	0.0785398163	0.0523598776	
9.572967	0.0872664626	0.0698131701	0.0785398163	0.0523598776	
9.582889	0.0872664626	0.0698131701	0.0785398163	0.0523598776	
9.593054	0.0872664626	0.0698131701	0.0785398163	0.0523598776	
9.603208	0.0872664626	0.0698131701	0.0785398163	0.0610865238	
9.613352	0.0872664626	0.0698131701	0.0785398163	0.0610865238	
9.623686	0.0872664626	0.0698131701	0.0785398163	0.0610865238	
9.633714	0.0872664626	0.0698131701	0.0785398163	0.0523598776	
9.643792	0.0872664626	0.0698131701	0.0785398163	0.0523598776	
9.654029	0.0872664626	0.0698131701	0.0785398163	0.0523598776	
9.664133	0.0872664626	0.0698131701	0.0785398163	0.0523598776	
9.674199	0.0872664626	0.0698131701	0.0785398163	0.0523598776	
9.6844	0.0872664626	0.0698131701	0.0785398163	0.0523598776	
9.69455	0.0872664626	0.0698131701	0.0785398163	0.0610865238	
9.70465	0.0872664626	0.0698131701	0.0785398163	0.0610865238	
9.714893	0.0872664626	0.0698131701	0.0785398163	0.0523598776	
9.725037	0.0872664626	0.0698131701	0.0785398163	0.0523598776	
9.735213	0.0872664626	0.0698131701	0.0785398163	0.0523598776	
9.745342	0.0872664626	0.0698131701	0.0785398163	0.0523598776	
9.755476	0.0872664626	0.0698131701	0.0785398163	0.0523598776	
9.76564	0.0872664626	0.0698131701	0.0785398163	0.0523598776	
9.775797	0.0872664626	0.0698131701	0.0785398163	0.0523598776	
9.78596	0.0872664626	0.0698131701	0.0785398163	0.0523598776	
9.796198	0.0872664626	0.0698131701	0.0785398163	0.0523598776	
9.806285	0.0872664626	0.0698131701	0.0785398163	0.0523598776	
9.816437	0.0872664626	0.0698131701	0.0785398163	0.0523598776	
9.82683	0.0872664626	0.0698131701	0.0785398163	0.0523598776	
9.836795	0.0872664626	0.0698131701	0.0785398163	0.0523598776	
9.846908	0.0872664626	0.0698131701	0.0785398163	0.0523598776	
9.857076	0.0872664626	0.0698131701	0.0785398163	0.0523598776	
9.867251	0.0872664626	0.0698131701	0.0785398163	0.0523598776	
9.877391	0.0872664626	0.0698131701	0.0785398163	0.0523598776	
9.887546	0.0872664626	0.0698131701	0.0785398163	0.0523598776	
9.897719	0.0872664626	0.0698131701	0.0785398163	0.0523598776	
9.907877	0.0872664626	0.0698131701	0.0785398163	0.0523598776	
9.918018	0.0872664626	0.0698131701	0.0785398163	0.0523598776	
9.92822	0.0872664626	0.0698131701	0.0785398163	0.0523598776	
9.938336	0.0872664626	0.0698131701	0.0785398163	0.0523598776	
9.948919	0.0872664626	0.0698131701	0.0785398163	0.0523598776	
9.958647	0.0872664626	0.0698131701	0.0785398163	0.0523598776	
9.968753	0.0872664626	0.0698131701	0.0785398163	0.0523598776	
9.978929	0.0872664626	0.0698131701	0.0785398163	0.0523598776	
9.989063	0.0872664626	0.0698131701	0.0785398163	0.0523598776	
9.99928	0.0872664626	0.0698131701	0.0785398163	0.0523598776	
10.00946	0.0872664626	0.0698131701	0.0785398163	0.0523598776	
10.01959	0.0872664626	0.0698131701	0.0785398163	0.0523598776	
10.02994	0.0872664626	0.0698131701	0.0785398163	0.0523598776	
10.03986	0.0872664626	0.0698131701	0.0785398163	0.0523598776	
10.05003	0.0872664626	0.0698131701	0.0785398163	0.0523598776	
10.06023	0.0872664626	0.0698131701	0.0785398163	0.0523598776	
10.07035	0.0872664626	0.0698131701	0.0785398163	0.0523598776	
10.08049	0.0872664626	0.0698131701	0.0785398163	0.0523598776	
10.09066	0.0872664626	0.0698131701	0.0785398163	0.0523598776	
10.10081	0.0872664626	0.0698131701	0.0785398163	0.0523598776	
10.11096	0.0872664626	0.0698131701	0.0785398163	0.0523598776	
10.12114	0.0872664626	0.0698131701	0.0785398163	0.0523598776	
10.13128	0.0872664626	0.0698131701	0.0785398163	0.0523598776	
10.14143	0.0872664626	0.0698131701	0.0785398163	0.0523598776	
10.15171	0.0872664626	0.0698131701	0.0785398163	0.0523598776	
10.16174	0.0872664626	0.0698131701	0.0785398163	0.0523598776	
10.1719	0.0872664626	0.0698131701	0.0785398163	0.0523598776	
10.18204	0.0872664626	0.0698131701	0.0785398163	0.0523598776	
10.19221	0.0872664626	0.0698131701	0.0785398163	0.0523598776	
10.20233	0.0872664626	0.0698131701	0.0785398163	0.0523598776	
10.21251	0.0872664626	0.0698131701	0.0785398163	0.0523598776	
10.22263	0.0872664626	0.0698131701	0.0785398163	0.0523598776	
10.23275	0.0872664626	0.0698131701	0.0785398163	0.0523598776	
10.24294	0.0872664626	0.0698131701	0.0785398163	0.0523598776	
10.2532	0.0872664626	0.0698131701	0.0785398163	0.0523598776	
10.2632	0.0872664626	0.0698131701	0.0785398163	0.0523598776	
10.27339	0.0872664626	0.0698131701	0.0785398163	0.0523598776	
10.2835	0.0872664626	0.0698131701	0.0785398163	0.0523598776	
10.29375	0.0872664626	0.0698131701	0.0785398163	0.0523598776	
10.30382	0.0872664626	0.0698131701	0.0785398163	0.0523598776	
10.31398	0.0872664626	0.0698131701	0.0785398163	0.0523598776	
10.32414	0.0872664626	0.0698131701	0.0785398163	0.0523598776	
10.33425	0.0872664626	0.0698131701	0.0785398163	0.0523598776	
10.3444	0.0872664626	0.0698131701	0.0785398163	0.0523598776	
10.35456	0.0872664626	0.0698131701	0.0785398163	0.0523598776	
10.36473	0.0872664626	0.0698131701	0.0785398163	0.0523598776	
10.37487	0.0872664626	0.0698131701	0.0785398163	0.0523598776	
10.38506	0.0872664626	0.0698131701	0.0785398163	0.0523598776	
10.39523	0.0872664626	0.0698131701	0.0785398163	0.0523598776	
10.40539	0.0872664626	0.0698131701	0.0785398163	0.0523598776	
10.41553	0.0872664626	0.0698131701	0.0785398163	0.0523598776	
10.42573	0.0872664626	0.0698131701	0.0785398163	0.0523598776	
10.43585	0.0872664626	0.0698131701	0.0785398163	0.0523598776	
10.44597	0.0872664626	0.0698131701	0.0785398163	0.0523598776	
10.45614	0.0872664626	0.0698131701	0.0785398163	0.0523598776	
10.46632	0.0872664626	0.0698131701	0.0785398163	0.0523598776	
10.47651	0.0872664626	0.0698131701	0.0785398163	0.0523598776	
10.48666	0.0872664626	0.0698131701	0.0785398163	0.0523598776	
10.49681	0.0872664626	0.0698131701	0.0785398163	0.0523598776	
10.50702	0.0872664626	0.0698131701	0.0785398163	0.0523598776	
10.51712	0.0872664626	0.0698131701	0.0785398163	0.0523598776	
10.52744	0.0872664626	0.0698131701	0.0785398163	0.0523598776	
10.5375	0.0872664626	0.0698131701	0.0785398163	0.0523598776	
10.54762	0.0872664626	0.0698131701	0.0785398163	0.0523598776	
10.55778	0.0872664626	0.0698131701	0.0785398163	0.0523598776	
10.56795	0.0872664626	0.0698131701	0.0785398163	0.0523598776	
10.57815	0.0872664626	0.0698131701	0.0785398163	0.0523598776	
10.58833	0.0872664626	0.0698131701	0.0785398163	0.0523598776	
10.59849	0.0872664626	0.0698131701	0.0785398163	0.0523598776	
10.60864	0.0872664626	0.0698131701	0.0785398163	0.0523598776	
10.61889	0.0872664626	0.0698131701	0.0785398163	0.0523598776	
10.629	0.0872664626	0.0698131701	0.0785398163	0.0523598776	
10.63914	0.0872664626	0.0698131701	0.0785398163	0.0523598776	
10.64926	0.0872664626	0.0698131701	0.0785398163	0.0523598776	
10.65948	0.0872664626	0.0698131701	0.0785398163	0.0523598776	
10.66963	0.0872664626	0.0698131701	0.0785398163	0.0523598776	
10.67977	0.0872664626	0.0698131701	0.0785398163	0.0523598776	
10.68992	0.0872664626	0.0698131701	0.0785398163	0.0523598776	
10.70009	0.0872664626	0.0698131701	0.0785398163	0.0523598776	
10.7102	0.0872664626	0.0698131701	0.0785398163	0.0523598776	
10.7204	0.0872664626	0.0698131701	0.0785398163	0.0523598776	
10.73054	0.0872664626	0.0698131701	0.0785398163	0.0523598776	
10.7407	0.0872664626	0.0698131701	0.0785398163	0.0523598776	
10.75085	0.0872664626	0.0698131701	0.0785398163	0.0523598776	
10.76102	0.0872664626	0.0698131701	0.0785398163	0.0523598776	
10.77122	0.0872664626	0.0698131701	0.0785398163	0.0523598776	
10.78133	0.0872664626	0.0698131701	0.0785398163	0.0523598776	
10.79149	0.0872664626	0.0698131701	0.0785398163	0.0523598776	
10.80166	0.0872664626	0.0698131701	0.0785398163	0.0523598776	
10.8118	0.0872664626	0.0698131701	0.0785398163	0.0523598776	
10.82192	0.0872664626	0.0698131701	0.0785398163	0.0523598776	
10.83207	0.0872664626	0.0698131701	0.0785398163	0.0523598776	
10.84227	0.0872664626	0.0698131701	0.0785398163	0.0523598776	
10.85243	0.0872664626	0.0698131701	0.0785398163	0.0523598776	
10.86257	0.0872664626	0.0698131701	0.0785398163	0.0523598776	
10.8727	0.0872664626	0.0698131701	0.0785398163	0.0523598776	
10.88292	0.0872664626	0.0698131701	0.0785398163	0.0523598776	
10.89302	0.0872664626	0.0698131701	0.0785398163	0.0523598776	
10.90315	0.0872664626	0.0698131701	0.0785398163	0.0523598776	
10.91329	0.0872664626	0.0698131701	0.0785398163	0.0523598776	
10.92345	0.0872664626	0.0698131701	0.0785398163	0.0523598776	
10.93363	0.0872664626	0.0698131701	0.0785398163	0.0523598776	
10.94418	0.0872664626	0.0698131701	0.0785398163	0.0523598776	
10.95596	0.0872664626	0.0698131701	0.0785398163	0.0523598776	
10.964	0.0872664626	0.0698131701	0.0785398163	0.0523598776	
10.97413	0.0872664626	0.0698131701	0.0785398163	0.0523598776	
10.98439	0.0872664626	0.0698131701	0.0785398163	0.0523598776	
10.99448	0.0872664626	0.0698131701	0.0785398163	0.0523598776	
11.00459	0.0872664626	0.0698131701	0.0785398163	0.0523598776	
11.01473	0.0872664626	0.0698131701	0.0785398163	0.0523598776	
11.02487	0.0872664626	0.0698131701	0.0785398163	0.0523598776	
11.03516	0.0872664626	0.0698131701	0.0785398163	0.0523598776	
11.0452	0.0872664626	0.0698131701	0.0785398163	0.0523598776	
11.05533	0.0872664626	0.0698131701	0.0785398163	0.0523598776	
11.06554	0.0872664626	0.0698131701	0.0785398163	0.0523598776	
11.07567	0.0872664626	0.0698131701	0.0785398163	0.0523598776	
11.08599	0.0872664626	0.0698131701	0.0785398163	0.0523598776	
11.09601	0.0872664626	0.0698131701	0.0785398163	0.0523598776	
11.10627	0.0872664626	0.0698131701	0.0785398163	0.0523598776	
11.11648	0.0872664626	0.0698131701	0.0785398163	0.0523598776	
11.14135	0.0872664626	0.0698131701	0.0785398163	0.0523598776	
11.14612	0.0872664626	0.0698131701	0.0785398163	0.0523598776	
